function x = MTprofile_SForight_15_24hr26_Jan_2012
%created: 15_24hr26_Jan_2012

x.BFs = [250   500  1000  2000  4000  6000 8000];

x.LongTone = [14.6      11.6        11      40.9      46.2      39.3   73.2];
x.ShortTone = [15.5      13.5      14.2      54.2      54.7      49.2   85.0];

x.Gaps = [0.01      0.03      0.05      0.07      0.09];
x.TMCFreq = [250   500  1000  2000  4000  6000];
x.TMC = [
37.8	40.4	32.8	28.3	62.5	50.8	 
52.1	53.3	36.2	21.3	62.7	58.6	 
77.5	72.5	53.2	13.2	64	54.1	 
94.1	90	65.2	20.9	72	64.7	 
NaN	98.3	72.7	26.6	73	69.9	 
];
x.TMC = x.TMC';

x.MaskerRatio = [0.5      0.7      0.9        1      1.1      1.3      1.6];
x.IFMCFreq = [250   500  1000  2000  4000  6000];
x.IFMCs = [
46.7	67.3	71.1	33.9	77.5	82.8	 
43.1	54.2	52.8	13.8	84	90.8	 
37.6	42.8	33.4	17	75.7	53	 
36	43.1	41.7	19.2	54.3	43.5	 
33	42.9	45.5	16.6	57.2	54.8	 
34	82.5	84.7	55.4	84.9	99.9	 
44.4	87.4	89	90	101	NaN	 
];
x.IFMCs = x.IFMCs';
