function x = MTprofile_RMeright_12_12hr23_Feb_2012
%created: 12_12hr23_Feb_2012
%the aided one
x.BFs = [250   500  1000  2000  4000  8000];

x.LongTone = [13.6      1.18      8.66   -0.0138      7.67      71.3];
x.ShortTone = [15.2      2.54      9.82      10.3      18.3      80.5];

x.Gaps = [0.01      0.03      0.05      0.07      0.09];
x.TMCFreq = [250   500  1000  2000  4000  ];
x.TMC = [
NaN	22.1	20.5	19.08	22.52		 
34.8	31.3	35.5	27.85	35.86		 
48	48	55.6	39.21	50.14		 
68.7	71	65.4	53.38	53.35		 
87.2	NaN	86.4	48.62	68.18		 
];
x.TMC = x.TMC';

x.MaskerRatio = [0.5      0.7      0.9        1      1.1      1.3      1.6];
x.IFMCFreq = [250   500  1000  2000  4000  ];
x.IFMCs = [
NaN	NaN	NaN	NaN	71.06		 
NaN	NaN	NaN	49.47	61.24		 
34.2	22.9	27	1.65	27.14		 
31	20.9	21.5	8.38	27.62		 
28.4	22.7	28.5	20.98	19.83	 
NaN	38.3	46.3	37.30	50.55	 
38.3	NaN	71.6	84.64	93.05		 
];
x.IFMCs = x.IFMCs';
