function x = MTprofile12_12hr23_Feb_2012
%created: 12_12hr23_Feb_2012

x.BFs = [250   500  1000  2000  4000  8000];

x.LongTone = [13.6      1.18      8.66   -0.0138      7.67      71.3];
x.ShortTone = [15.2      2.54      9.82      9.52      18.3      80.5];

x.Gaps = [0.01      0.03      0.05      0.07      0.09];
x.TMCFreq = [250   500  1000  2000  4000  8000];
x.TMC = [
NaN	22.1	20.5	1.48	14.9	82.2	 
34.8	31.3	35.5	8.49	35.6	91.8	 
48	48	55.6	18.5	29.6	NaN	 
68.7	71	65.4	17.6	27.8	NaN	 
87.2	NaN	86.4	24.9	49	NaN	 
];
x.TMC = x.TMC';

x.MaskerRatio = [0.5      0.7      0.9        1      1.1      1.3      1.6];
x.IFMCFreq = [250   500  1000  2000  4000  8000];
x.IFMCs = [
NaN	NaN	NaN	NaN	62.1	38.7	 
NaN	NaN	NaN	30.1	58.2	59.6	 
34.2	22.9	27	-8.72	19.6	91.7	 
31	20.9	21.5	-2.73	19.8	85.8	 
28.4	22.7	28.5	6.61	17.1	NaN	 
NaN	38.3	46.3	19.1	44.8	NaN	 
38.3	NaN	71.6	65.7	90.5	NaN	 
];
x.IFMCs = x.IFMCs';
