function x = MTprofile_OHCloss4d_16_56hr16_May_2012
%created: 16_56hr16_May_2012

x.BFs = [250   500  1000  2000  4000  8000];

x.LongTone = [14.9      9.98      9.36      11.6      18.6      24.1];
x.ShortTone = [17.6        12      11.4      15.4      22.3      29.3];

x.Gaps = [0.01      0.03      0.05      0.07      0.09];
x.TMCFreq = [250   500  1000  2000  4000  8000];
x.TMC = [
35.1	25.8	23	31.3	42.3	58.7	 
37.8	31.8	25.7	41.7	50	68.1	 
43.4	44.7	36.6	54.4	62.5	80.9	 
57.3	63.1	44.4	69.9	79.4	87.2	 
68.6	83.4	50.3	90.1	87	NaN	 
];
x.TMC = x.TMC';

x.MaskerRatio = [0.5      0.7      0.9        1      1.1      1.3      1.6];
x.IFMCFreq = [250   500  1000  2000  4000  8000];
x.IFMCs = [
NaN	NaN	37	42.5	50.4	45.1	 
NaN	44.7	30.9	36.8	39.7	42.9	 
37.7	25.4	21.5	31.2	36	41.8	 
33.6	24	21.9	34.9	37.2	57.2	 
27	23.4	20.4	33.7	43.8	64.5	 
30	32.4	36.7	48.2	68.7	NaN	 
38.9	65.6	66.7	78.5	82.2	NaN	 
];
x.IFMCs = x.IFMCs';
