function x = MTprofile16_34hr04_Jul_2012
%created: 16_34hr04_Jul_2012

x.BFs = [250   500  1000  2000  4000  8000];

x.LongTone = [15.4      13.3      12.6      38.7      56.1       103];
x.ShortTone = [17.3      14.3      15.6      48.3      62.7       106];

x.Gaps = [0.01      0.03      0.05      0.07      0.09];
x.TMCFreq = [250   500  1000  2000  4000  8000];
x.TMC = [
37	37.4	20.9	25.9	74.5	NaN	 
54.7	49.8	26.8	28.4	74.3	NaN	 
71.6	75.8	27	32.7	78.4	NaN	 
89.5	78.8	34.1	49.8	84.8	NaN	 
NaN	89.7	40.4	41.6	87.4	NaN	 
];
x.TMC = x.TMC';

x.MaskerRatio = [0.5      0.7      0.9        1      1.1      1.3      1.6];
x.IFMCFreq = [250   500  1000  2000  4000  8000];
x.IFMCs = [
44.6	65.5	67.8	73.2	85.3	NaN	 
38.9	48.2	35.9	48.9	86.6	NaN	 
37.9	38	22.2	36.9	81.2	NaN	 
39.1	40.4	18.5	39.3	74.1	NaN	 
33.8	36.7	35.2	25.8	81.6	NaN	 
36.6	61.5	80.5	86.5	100	NaN	 
50.7	86.2	89.7	94.7	105	NaN	 
];
x.IFMCs = x.IFMCs';
