function x = MTprofile_OHCloss4f_16_27hr24_May_2012
%created: 16_27hr24_May_2012

x.BFs = [250   500  1000  2000  4000  8000];

x.LongTone = [15.7      10.9      12.3      12.7      18.7      24.8];
x.ShortTone = [17.3      12.3      12.5      14.8      21.2      27.5];

x.Gaps = [0.01      0.03      0.05      0.07      0.09];
x.TMCFreq = [250   500  1000  2000  4000  8000];
x.TMC = [
25.4	23	21.4	22.8	27.6	34.7	 
30.6	28.8	25.8	30.6	37.9	45.7	 
35.6	38.8	34.6	36.8	48.7	58.6	 
49.3	48.3	43.1	49.4	54.1	58.2	 
57.8	59	54.1	56.3	61.7	66.5	 
];
x.TMC = x.TMC';

x.MaskerRatio = [0.5      0.7      0.9        1      1.1      1.3      1.6];
x.IFMCFreq = [250   500  1000  2000  4000  8000];
x.IFMCs = [
NaN	45	37.2	34.9	38.6	40.7	 
NaN	34.6	30.7	31.5	37.9	41.7	 
27.8	22.8	20	21.5	27.3	34.4	 
24.1	23.4	21.2	23.7	31.1	37.3	 
22.9	22.3	20.1	23.7	28.1	37.5	 
25.5	29.4	28.8	34.1	40.8	56.5	 
31.9	41.1	42.1	45.9	52.3	83.1	 
];
x.IFMCs = x.IFMCs';
