function x = MTprofile_OHCloss4f_15_35hr24_May_2012
%created: 15_35hr24_May_2012

x.BFs = [250   500  1000  2000  4000  8000];

x.LongTone = [14.2      9.44      8.67      11.5      17.6      24.2];
x.ShortTone = [17.2      11.6      10.9      13.6      21.4        28];

x.Gaps = [0.01      0.03      0.05      0.07      0.09];
x.TMCFreq = [250   500  1000  2000  4000  8000];
x.TMC = [
NaN	35.9	27.7	30.7	36.1	42	 
44.6	40.3	36.9	35.4	38.2	43.1	 
47.8	43.3	40	36.6	40.6	49.6	 
49.5	45.7	41.2	42.5	41.1	48	 
52.3	49.5	44.1	43	46.7	56.5	 
];
x.TMC = x.TMC';

x.MaskerRatio = [0.5      0.7      0.9        1      1.1      1.3      1.6];
x.IFMCFreq = [250   500  1000  2000  4000  8000];
x.IFMCs = [
NaN	38.7	31.6	23.7	27.8	36	 
NaN	38.1	27.9	24.5	31.8	38.4	 
40.3	32.2	27.6	26.7	32.7	39.4	 
39.9	35.7	28.2	31.8	35.2	42.6	 
35.6	31.5	29.8	31.4	38.2	44.5	 
37.5	33	33.3	37.3	39	66.1	 
36.6	38.8	40.3	42.3	48	95.6	 
];
x.IFMCs = x.IFMCs';
