function x = MTprofile_HBoright_13_51hr27_Jan_2012
%created: 13_51hr27_Jan_2012

x.BFs = [250   500  1000  2000  4000  6000  8000];

x.LongTone = [35.6        32      22.5      26.1      13.1      21.1      47.2];
x.ShortTone = [37.3      35.4      26.1      29.7      16.3      24.9      53.6];

x.Gaps = [0.01      0.03      0.05      0.07      0.09];
x.TMCFreq = [250   500  1000  2000  4000  6000  8000];
x.TMC = [
50.2	49.2	40.9	63.2	35.6	38.7	39.1	 
57.5	70	66.2	66	53.8	58.3	41.5	 
83.6	88.7	81.5	78.4	58.6	65.8	52.2	 
97.7	94.9	94.7	83	66	67.9	36.1	 
99.8	97.3	97.9	94.8	83.4	79.3	54.5	 
];
x.TMC = x.TMC';

x.MaskerRatio = [0.5      0.7      0.9        1      1.1      1.3      1.6];
x.IFMCFreq = [250   500  1000  2000  4000  6000  8000];
x.IFMCs = [
57.2	69.5	71.9	72.5	74.9	79.2	21.9	 
53.6	62.9	61.9	71	78.8	50.7	15	 
50.9	54	44.8	60.2	50.1	34.7	33.6	 
49.7	50	44.7	56	40.6	38.4	33.1	 
49.6	51.1	50.5	73.5	50.9	62.9	23.7	 
48.6	75.7	80.4	88.4	94.4	99.3	52.4	 
50	81.6	86.4	93.4	98.1	NaN	33.9	 
];
x.IFMCs = x.IFMCs';
