function x = MTprofile_OHCloss4g_19_17hr03_Aug_2012
%created: 19_17hr03_Aug_2012

x.BFs = [250   500  1000  2000  4000  8000];

x.LongTone = [15.7      7.97      8.14      9.04      14.5      24.9];
x.ShortTone = [16.8      10.1      9.54      11.9      17.7      26.6];

x.Gaps = [0.01      0.03      0.05      0.07      0.09];
x.TMCFreq = [250   500  1000  2000  4000  8000];
x.TMC = [
32	26.5	22.9	26.9	36.1	42.4	 
48.7	38.9	31.1	42	50.8	67.3	 
79.2	77.2	54.2	67.4	70.8	86.5	 
NaN	NaN	90	NaN	89.9	97.5	 
NaN	NaN	NaN	NaN	NaN	NaN	 
];
x.TMC = x.TMC';

x.MaskerRatio = [0.5      0.7      0.9        1      1.1      1.3      1.6];
x.IFMCFreq = [250   500  1000  2000  4000  8000];
x.IFMCs = [
NaN	57.7	46.1	65.4	56.7	45.6	 
44.6	29.5	25.1	48.4	54.2	48.1	 
34.4	25.8	23.3	25.9	33.1	39.2	 
32.9	25.7	22.1	27.8	36	41.7	 
30	25.2	23.7	28.1	34.9	47.3	 
29	28.7	30.3	44.1	49.9	96.6	 
33.3	47	63.8	80.1	82.6	NaN	 
];
x.IFMCs = x.IFMCs';
