function x = MTprofile_KBrleft_13_18hr30_Jan_2012
%created: 13_18hr30_Jan_2012

x.BFs = [250   500  1000  2000  4000  8000];

x.LongTone = [34.2      31.3      30.4      29.6        40      66.7];
x.ShortTone = [35.6      33.4        32      41.3      46.6      82.4];

x.Gaps = [0.01      0.03      0.05      0.07      0.09];
x.TMCFreq = [250   500  1000  2000  4000  8000];
x.TMC = [
60.6	64.4	47.9	26	38.5	52.7	 
76.1	74.2	63	24.2	50.8	66.9	 
90	84.9	67.7	51.7	52.1	90.4	 
101	94	69.7	47.3	48.7	95.2	 
NaN	NaN	79.4	37.8	59.9	94.2	 
];
x.TMC = x.TMC';

x.MaskerRatio = [0.5      0.7      0.9        1      1.1      1.3      1.6];
x.IFMCFreq = [250   500  1000  2000  4000  8000];
x.IFMCs = [
66.5	78.1	72.8	69	77	86.8	 
63.7	68.6	65.2	70.9	79.3	41.7	 
56.8	62.6	49.7	29.7	44.1	46.6	 
56.8	64.5	47.6	21.7	42.7	46.8	 
57.1	75.7	66.6	31.6	34.6	93	 
59.9	81.9	82.3	45.3	83.9	105	 
71.2	86.6	88	87.5	99.1	NaN	 
];
x.IFMCs = x.IFMCs';
