function x = MTprofile10_25hr10_Feb_2012
%created: 10_25hr10_Feb_2012

x.BFs = [4000];

x.LongTone = [35.1];
x.ShortTone = [46.9];

x.Gaps = [0.01      0.03      0.05      0.07      0.09];
x.TMCFreq = [4000];
x.TMC = [
46.4	 
60.2	 
65.7	 
56.1	 
72.3	 
];
x.TMC = x.TMC';

x.MaskerRatio = [0.5      0.7      0.9        1      1.1      1.3      1.6];
x.IFMCFreq = [4000];
x.IFMCs = [
76.8	 
82.3	 
66.5	 
50.1	 
52.5	 
94.9	 
102	 
];
x.IFMCs = x.IFMCs';
