function x = MTprofile12_58hr25_Jan_2012
%created: 12_58hr25_Jan_2012

x.BFs = [250   500  1000  2000  4000];

x.LongTone = [41.7        15      11.1      24.4      55.7];
x.ShortTone = [48      17.6      13.3      38.7      67.4];

x.Gaps = [0.01      0.03      0.05      0.07      0.09];
x.TMCFreq = [250   500  1000  2000  4000];
x.TMC = [
68.7	39.2	35.1	28.1	69.1	 
67	50.5	33.2	45	67.9	 
67.5	61.4	51.2	52.1	73.8	 
70.3	66.9	62.7	47.1	83.3	 
78.3	82.9	73	72.5	69.3	 
];
x.TMC = x.TMC';

x.MaskerRatio = [0.5      0.7      0.9        1      1.1      1.3      1.6];
x.IFMCFreq = [250   500  1000  2000  4000];
x.IFMCs = [
69.7	71.3	72.2	71.3	79.1	 
64.6	60.4	51.8	55.7	76.4	 
59.3	41.4	29.3	27.1	64.5	 
64.3	34.7	31	26.9	72.3	 
58.7	35.6	51.5	43.8	89.5	 
52.1	30	84.2	80.7	99.8	 
41.4	47.3	89.5	93	NaN	 
];
x.IFMCs = x.IFMCs';
