function x = MTprofile_DLeright_12_20hr27_Jan_2012
%created: 12_20hr27_Jan_2012

x.BFs = [250   500  1000  2000  4000  6000];

x.LongTone = [27.8      25.1      17.4      21.6      45.6      55.6];
x.ShortTone = [29.3      26.9      23.4      35.3      56.2      65.8];

x.Gaps = [0.01      0.03      0.05      0.07      0.09];
x.TMCFreq = [250   500  1000  2000  4000  6000];
x.TMC = [
48.8	55.1	34.1	30.6	59.3	55.3	 
67	66.3	38.2	19.7	61.4	60.8	 
87.8	78.1	50.7	25.6	68.9	61	 
100	90.8	54.8	41.7	75.8	81.4	 
NaN	98.8	65	35.9	66	75.3	 
];
x.TMC = x.TMC';

x.MaskerRatio = [0.5      0.7      0.9        1      1.1      1.3      1.6];
x.IFMCFreq = [250   500  1000  2000  4000  6000];
x.IFMCs = [
60.3	72.5	72.5	72.4	80.4	82.2	 
55.7	64.6	66.8	37.7	85	84.5	 
53.4	51.6	41.2	19.9	42.5	40.5	 
49.5	53.4	38.5	17.4	56.3	56.6	 
48.3	55.4	38.9	15.9	77.7	39.7	 
53.6	80.8	80.2	68.7	99	38.9	 
65.3	86.7	86.8	91.1	104	89.5	 
];
x.IFMCs = x.IFMCs';
