function x = MTprofile17_47hr05_Dec_2012
%created: 17_47hr05_Dec_2012

x.BFs = [6000];

x.LongTone = [16.1];
x.ShortTone = [28.4];

x.Gaps = [0.01      0.03      0.05      0.07      0.09];
x.TMCFreq = [6000];
x.TMC = [
27.2	 
31.4	 
38.9	 
59.4	 
61.1	 
];
x.TMC = x.TMC';

x.MaskerRatio = [0.5      0.7      0.9        1      1.1      1.3      1.6];
x.IFMCFreq = [6000];
x.IFMCs = [
75.7	 
79.4	 
28.2	 
28.8	 
34.6	 
55.5	 
99.7	 
];
x.IFMCs = x.IFMCs';
