function x = MTprofile_JEleft_12_20hr27_Jul_2012
%created: 12_20hr27_Jul_2012

x.BFs = [250   500  1000  2000  4000];

x.LongTone = [12      8.14      2.87      3.58      12.4];
x.ShortTone = [14.2        10      7.34      13.7      20.9];

x.Gaps = [0.01      0.03      0.05      0.07      0.09];
x.TMCFreq = [250   500  1000  2000  4000];
x.TMC = [
26.5	26.3	15.2	16.7	29.7	 
51.9	52.9	27.1	13.9	35	 
81.5	62.3	26.3	19.9	43.2	 
NaN	73.8	37.1	25.3	46	 
NaN	94.3	45	30.8	44.5	 
];
x.TMC = x.TMC';

x.MaskerRatio = [0.5      0.7      0.9        1      1.1      1.3      1.6];
x.IFMCFreq = [250   500  1000  2000  4000];
x.IFMCs = [
46.8	44	46.7	44	49.3	 
31.1	31.2	26.8	26.3	48.9	 
26.6	27.2	15.1	19.7	39.2	 
27	27	17.4	10.7	31.3	 
25.9	29.2	19.7	20.6	38	 
25.9	38.1	47.1	47.3	75.5	 
33.3	51.1	51.6	59	96.9	 
];
x.IFMCs = x.IFMCs';
