function x = MTprofile19_38hr27_Jan_2012
%created: 19_38hr27_Jan_2012

x.BFs = [250   500  1000  2000  4000  6000  8000];

x.LongTone = [15.7      12.9      13.2      39.1      56.1      58.9      65.8];
x.ShortTone = [16.5      14.9      16.8      44.6        65      68.3      80.1];

x.Gaps = [0.01      0.03      0.05      0.07      0.09];
x.TMCFreq = [250   500  1000  2000  4000  6000  8000];
x.TMC = [
34.5	40.4	23.3	12.9	77.8	67.4	87.5	 
49.1	58.1	39.2	13.2	76.2	68.9	94.1	 
74.6	74.9	36.4	28	84	75	102	 
88.6	81.2	52.4	21.7	85.3	84	95.7	 
102	90.3	56.6	32.3	88.1	85.4	101	 
];
x.TMC = x.TMC';

x.MaskerRatio = [0.5      0.7      0.9        1      1.1      1.3      1.6];
x.IFMCFreq = [250   500  1000  2000  4000  6000  8000];
x.IFMCs = [
45.1	69.6	69	35.6	86.4	86.9	91.7	 
41.1	55.3	41.9	9.53	89.5	92.4	90.3	 
34.8	42.1	27.7	8.63	83.9	83.9	68.8	 
33.8	41.6	22.2	14.8	75.2	68.2	89.5	 
32.9	44.7	31	20.1	83.5	68.6	103	 
36.1	82.1	82.7	16.1	101	67.8	NaN	 
45.6	87.5	88.2	28.5	105	NaN	NaN	 
];
x.IFMCs = x.IFMCs';
