function x = MTprofile_JPrleft_13_44hr25_Jan_2012
%created: 13_44hr25_Jan_2012

x.BFs = [250   500  1000  2000  4000  6000];

x.LongTone = [14.9      12.5      11.6      14.2        37      90.3];
x.ShortTone = [17.5      14.8        14      16.6        42      93.1];

x.Gaps = [0.01      0.03      0.05      0.07      0.09];
x.TMCFreq = [250   500  1000  2000  4000  6000];
x.TMC = [
30.2	27.9	32.3	40	37.1	NaN	 
35.4	38.3	51.3	54.5	42.6	NaN	 
68.6	87.2	81.1	70.2	39.3	NaN	 
97.3	89.2	91.2	78.3	45.7	NaN	 
101	93.9	96.4	85.3	31.3	NaN	 
];
x.TMC = x.TMC';

x.MaskerRatio = [0.5      0.7      0.9        1      1.1      1.3      1.6];
x.IFMCFreq = [250   500  1000  2000  4000  6000];
x.IFMCs = [
37.3	50.4	70.6	71.1	29.2	NaN	 
33.5	38	49.4	71.2	15	NaN	 
30.6	29.3	32.6	39.7	31.6	NaN	 
30.1	27.5	33.7	41.8	45.4	NaN	 
29	29.2	34.2	54.7	43.7	NaN	 
29.2	36.8	81	85.5	62.4	NaN	 
29.8	82.3	86.9	92	93.6	NaN	 
];
x.IFMCs = x.IFMCs';
