function x = MTprofile17_29hr14_May_2012
%created: 17_29hr14_May_2012

x.BFs = [6000];

x.LongTone = [18.9];
x.ShortTone = [22.9];

x.Gaps = [0.01      0.03      0.05      0.07      0.09];
x.TMCFreq = [6000];
x.TMC = [
48.3	 
56.3	 
67.2	 
82.5	 
NaN	 
];
x.TMC = x.TMC';

x.MaskerRatio = [0.5      0.7      0.9        1      1.1      1.3      1.6];
x.IFMCFreq = [6000];
x.IFMCs = [
63.3	 
57.7	 
50.7	 
46.4	 
59.2	 
79.5	 
NaN	 
];
x.IFMCs = x.IFMCs';
