function x = MTprofile_JEleft_15_30hr20_Aug_2012
%created: 15_30hr20_Aug_2012

x.BFs = [250   500  1000  2000  4000  8000];

x.LongTone = [20.4      13.8      11.6        10      11.9      48.4];
x.ShortTone = [21.8      16.1      14.7      12.1      15.7      59.9];

x.Gaps = [0.01      0.03      0.05      0.07      0.09];
x.TMCFreq = [250   500  1000  2000  4000  8000];
x.TMC = [
35	30.5	30	28.6	26.8	76.4	 
44.3	39.8	41.2	37.7	36.2	87.6	 
60.1	60.6	61	48.5	51.9	84	 
93	100	NaN	72.6	79.6	NaN	 
NaN	NaN	NaN	NaN	NaN	NaN	 
];
x.TMC = x.TMC';

x.MaskerRatio = [0.5      0.7      0.9        1      1.1      1.3      1.6];
x.IFMCFreq = [250   500  1000  2000  4000  8000];
x.IFMCs = [
NaN	48	49.6	41.9	41.4	26.3	 
39.9	34.9	35.2	43.5	41.2	49.9	 
35.4	30.5	30.5	28.4	28.4	71.1	 
34.8	29.7	29	26.8	27.5	76.9	 
33.7	29.5	31.4	30.3	29.6	NaN	 
32.1	32.9	42.6	42.9	46.9	NaN	 
37.7	42.9	55.8	64.9	87.5	NaN	 
];
x.IFMCs = x.IFMCs';
