function x = MTprofile_JSileft_18_56hr27_Jan_2012
%created: 18_56hr27_Jan_2012

x.BFs = [250   500  1000  2000  4000  6000  8000];

x.LongTone = [7.64      4.64      3.29      6.07      12.9      16.6      24.7];
x.ShortTone = [9.66      7.46      5.47      8.38      17.1      20.3      30.9];

x.Gaps = [0.01      0.03      0.05      0.07      0.09];
x.TMCFreq = [250   500  1000  2000  4000  6000  8000];
x.TMC = [
22.4	20.9	20.7	33.8	45.9	40.2	47.4	 
30.9	43.7	35.2	46.1	51.9	39.8	55	 
73.5	85.9	60.5	60.6	62.9	58.6	63	 
97.7	95.3	86.8	82.2	72.6	71.7	83.9	 
99.9	97.5	92.5	79.1	88.9	77.7	89.1	 
];
x.TMC = x.TMC';

x.MaskerRatio = [0.5      0.7      0.9        1      1.1      1.3      1.6];
x.IFMCFreq = [250   500  1000  2000  4000  6000  8000];
x.IFMCs = [
30	49.9	65.7	71.3	75.8	78.8	84.7	 
28	32.3	39.2	70.9	80.3	84.4	54.6	 
23.3	22.7	21.5	26.7	51.9	44.3	38.1	 
21.6	21.7	18.7	28.2	37.1	29	55	 
20.6	21.9	23.3	42.4	44.3	43.4	71.1	 
22.4	35.6	52.7	85.7	94.6	94.2	103	 
22.4	83.2	85.5	93.2	98.3	102	106	 
];
x.IFMCs = x.IFMCs';
