function x = MTprofile23_42hr25_Jan_2012
%created: 23_42hr25_Jan_2012

x.BFs = [250   500  1000  2000  4000  6000];

x.LongTone = [53.5      48.7      47.1        63      57.1      83.2];
x.ShortTone = [55.3      51.2      50.1      65.3      61.6      86.5];

x.Gaps = [0.01      0.03      0.05      0.07      0.09];
x.TMCFreq = [250   500  1000  2000  4000  6000];
x.TMC = [
70	65.3	68.2	84.8	74.5	102	 
85.7	78.8	78.8	86.4	75.9	104	 
93.8	90.6	90.1	91.9	85.9	NaN	 
99.5	93.3	95.8	NaN	88.7	NaN	 
102	96.2	NaN	NaN	98.2	NaN	 
];
x.TMC = x.TMC';

x.MaskerRatio = [0.5      0.7      0.9        1      1.1      1.3      1.6];
x.IFMCFreq = [250   500  1000  2000  4000  6000];
x.IFMCs = [
75.9	76.1	76.5	78.6	73.2	84.2	 
73	70.8	73.8	82.5	79.6	90.1	 
69.7	67.8	68.8	84.5	73.5	99.3	 
69.3	65.4	70.3	84.2	76.6	102	 
69.7	67.6	73.7	85.6	84.3	105	 
69.6	72.8	81.9	87.3	93.4	NaN	 
73.9	79.5	89.5	91.9	98.6	NaN	 
];
x.IFMCs = x.IFMCs';
