function x = MTprofile10_23hr17_May_2012
%created: 10_23hr17_May_2012

x.BFs = [250   500  1000  2000  4000  8000];

x.LongTone = [15.9      10.4      11.7      12.8      18.9      24.8];
x.ShortTone = [16.6      12.2        12      14.2      22.4      28.7];

x.Gaps = [0.01      0.03      0.05      0.07      0.09];
x.TMCFreq = [250   500  1000  2000  4000  8000];
x.TMC = [
24.3	22.6	20.8	21.2	30.6	39	 
30.6	28.6	24.2	27.5	45.2	59.7	 
38.4	44	31.7	38.2	69.8	78.1	 
50.8	70.4	58.2	63	96.1	93.7	 
74	100	86.7	92.6	NaN	NaN	 
];
x.TMC = x.TMC';

x.MaskerRatio = [0.5      0.7      0.9        1      1.1      1.3      1.6];
x.IFMCFreq = [250   500  1000  2000  4000  8000];
x.IFMCs = [
NaN	50.3	36.4	41.3	54.3	55.6	 
NaN	33.7	28.9	29.3	41.3	48.2	 
24.7	22.2	18.7	21.6	29.5	33.4	 
24.3	21.9	19.2	22.8	33.6	40.8	 
22.6	21.9	18.4	24.3	30.4	40	 
23.6	29.6	28.6	32.5	40.4	70.8	 
29.5	43.2	49.6	49	79	NaN	 
];
x.IFMCs = x.IFMCs';
