function x = MTprofile_CForight_15_42hr24_Jan_2012
%created: 15_42hr24_Jan_2012

x.BFs = [250   500  1000  2000  4000 8000];

x.LongTone = [41.6      38.6      28.2      17.6      31.3  42.9];
x.ShortTone = [42.4      40.7      30.4      26.7      46.7  54.3];

x.Gaps = [0.01      0.03      0.05      0.07      0.09];
x.TMCFreq = [250   500  1000  2000  4000];
x.TMC = [
62.2	67.1	45.2	19.4	45.1	 
83	81	60.9	14.2	49.5	 
90.1	87.9	73.5	36.8	55.1	 
102	96.7	78.1	34.6	64.3	 
NaN	104	82.9	37.8	72.8	 
];
x.TMC = x.TMC';

x.MaskerRatio = [0.5      0.7      0.9        1      1.1      1.3      1.6];
x.IFMCFreq = [250   500  1000  2000  4000];
x.IFMCs = [
70.5	77.4	72.2	71	76	 
68.5	73.3	65	21.1	84.3	 
62.6	66.4	51.3	17.5	43.8	 
61.7	69.1	50.8	14.4	44.9	 
53.9	75.2	64.2	29	53.2	 
65	81	82.4	42.8	96.7	 
77.9	86.4	89.7	88.7	101	 
];
x.IFMCs = x.IFMCs';
