function x = MTprofile_RBlleft_13_26hr26_Jan_2012
%created: 13_26hr26_Jan_2012

x.BFs = [250   500  1000  2000  4000  8000];

x.LongTone = [12.5       8.3      7.37      10.9      16.3      44.4];
x.ShortTone = [13.5      11.2      10.4      13.5      20.7      48.3];

x.Gaps = [0.01      0.03      0.05      0.07      0.09];
x.TMCFreq = [250   500  1000  2000  4000  8000];
x.TMC = [
25.1	25.5	26	48.4	43.6	49.2	 
30	32.2	43	53	50.9	59.3	 
58.5	65.7	75	70.7	63.3	58.5	 
96.1	92.2	91.3	75.3	71.6	91.2	 
99.5	94.3	95.8	86.1	81.4	92.1	 
];
x.TMC = x.TMC';

x.MaskerRatio = [0.5      0.7      0.9        1      1.1      1.3      1.6];
x.IFMCFreq = [250   500  1000  2000  4000  8000];
x.IFMCs = [
32.8	51.6	70.2	71.5	73.2	43.8	 
29.5	32.4	47.5	71.2	80.7	22.9	 
26	25.1	27.5	44.4	50.2	36.9	 
25.6	23.6	27.6	38.9	42.9	48.3	 
24.3	24.4	31	49.9	49.3	61.5	 
24.3	34.8	82	87.5	93.8	96.4	 
25.9	82.1	87.1	93.2	97.4	88.9	 
];
x.IFMCs = x.IFMCs';
