function x = MTprofile_RMeright_15_22hr28_Feb_2012
%created: 15_22hr28_Feb_2012

x.BFs = [250   500  1000  2000  4000 8000];

x.LongTone = [13.9      1.52      7.84    -0.596       2.2    8.4];
x.ShortTone = [14.8      3.18      9.66      8.39      12.2  21.1];

x.Gaps = [0.01      0.03      0.05      0.07      0.09];
x.TMCFreq = [250   500  1000  2000  4000];
x.TMC = [
NaN	NaN	24.6	6.09	24.9	 
34.4	32.2	37	3.87	33.2	 
47.7	51.6	45.3	8.92	47.8	 
63.8	75.2	66.8	25.5	45.3	 
88.2	101	83.4	44.4	51.8	 
];
x.TMC = x.TMC';

x.MaskerRatio = [0.5      0.7      0.9        1      1.1      1.3      1.6];
x.IFMCFreq = [250   500  1000  2000  4000];
x.IFMCs = [
NaN	NaN	NaN	NaN	68.2	 
NaN	NaN	42.6	26	57.2	 
NaN	22	26.2	6.52	24.3	 
29.7	21.9	23.6	3.3	19.8	 
NaN	24	26.7	21.1	20.4	 
33	39	47.9	18.6	39.0	 
36.1	NaN	72.7	69.8	43.6	 
];
x.IFMCs = x.IFMCs';
