function x = MTprofile20_11hr16_Feb_2012
%created: 20_11hr16_Feb_2012

x.BFs = [250   500  1000  2000  4000  6000  8000];

x.LongTone = [10.3      6.28      1.96      14.1      10.3      19.1      20.8];
x.ShortTone = [20.3      12.9      9.37      24.2      24.9      33.5      33.8];

x.Gaps = [0.01      0.03      0.05      0.07      0.09];
x.TMCFreq = [250   500  1000  2000  4000  6000  8000];
x.TMC = [
NaN	NaN	12.4	26.3	23.3	37.4	36.9	 
38.9	26.3	17.4	26	28.6	46.2	39.9	 
51.9	43.6	22.4	33.1	28.9	41.8	43	 
68.7	70.1	25.1	35.7	41	51.1	53.8	 
87.2	83.3	53.6	50.5	44	56	58.9	 
];
x.TMC = x.TMC';

x.MaskerRatio = [0.5      0.7      0.9        1      1.1      1.3      1.6];
x.IFMCFreq = [250   500  1000  2000  4000  6000  8000];
x.IFMCs = [
NaN	NaN	38.6	42.4	43.2	48.1	49.7	 
NaN	NaN	19.7	40	43.8	49.7	50	 
NaN	26.2	11.6	28.4	24.5	41.9	41.3	 
NaN	22.5	12.8	23.7	20.6	37.6	39.3	 
26.3	19.6	27.8	28.3	29.7	46.9	43.9	 
23.1	20.2	53.7	50.3	51.4	54	73.2	 
25.9	58.7	57.8	56	54.4	67	104	 
];
x.IFMCs = x.IFMCs';
