function x = MTprofile17_16hr04_Jul_2012
%created: 17_16hr04_Jul_2012

x.BFs = [250   500  1000  2000  4000  8000];

x.LongTone = [15.8      12.6        23      23.1      26.8      58.3];
x.ShortTone = [17      15.4      25.8      25.9      30.5      61.1];

x.Gaps = [0.01      0.03      0.05      0.07      0.09];
x.TMCFreq = [250   500  1000  2000  4000  8000];
x.TMC = [
28.4	27.2	42.1	47.9	52.2	74.8	 
33.3	38.3	59.9	56	61	75.3	 
67.5	84.2	76	72.6	70.8	79.6	 
95.3	93.9	91.3	78.1	78.9	87.5	 
99.7	96.7	96.6	82.7	85.1	92.3	 
];
x.TMC = x.TMC';

x.MaskerRatio = [0.5      0.7      0.9        1      1.1      1.3      1.6];
x.IFMCFreq = [250   500  1000  2000  4000  8000];
x.IFMCs = [
36.4	48.2	70.4	71.2	72.8	82.8	 
33.3	32.4	59.7	71.4	80.6	86.3	 
29.9	27.1	41.4	48	62.6	73.2	 
29	29.1	42.1	40.7	52.1	75.4	 
27.9	30.7	51.6	45.1	58.4	81.2	 
26.3	43.4	79.8	83.2	92.3	94.3	 
29.3	82.6	85.9	90.8	101	99.9	 
];
x.IFMCs = x.IFMCs';
