function x = MTprofile18_1hr23_Jan_2012
%created: 18_1hr23_Jan_2012

x.BFs = [250   500  1000  2000  4000  8000];

x.LongTone = [35.8      33.6        19      42.5      56.1        68];
x.ShortTone = [37.3      35.4      27.4        51      65.8        75];

x.Gaps = [0.01      0.03      0.05      0.07      0.09];
x.TMCFreq = [250   500  1000  2000  4000  8000];
x.TMC = [
57.8	60.5	29.5	42.3	76.4	84	 
65.8	67.8	45.7	41.5	81.3	89.2	 
81.8	81.3	38.1	45.4	85.2	88.3	 
86	85.3	45.9	24.5	86.7	94.3	 
94.2	94.1	44.4	48.2	88.2	96.4	 
];
x.TMC = x.TMC';

x.MaskerRatio = [0.5      0.7      0.9        1      1.1      1.3      1.6];
x.IFMCFreq = [250   500  1000  2000  4000  8000];
x.IFMCs = [
61.7	76	74.7	70.2	85.6	91.6	 
63.2	66.3	57.7	37.3	88.8	94.5	 
56.2	57.5	29.2	32.8	85.2	66	 
57.6	66.3	30.1	15.4	76.7	87.2	 
58.3	65.4	31.1	34.3	83.9	102	 
54.3	80.4	36.9	88.3	100	NaN	 
67.7	86.6	79.7	95.6	106	NaN	 
];
x.IFMCs = x.IFMCs';
