function x = MTprofile_JEleft_23_56hr22_Aug_2012
%created: 23_56hr22_Aug_2012

x.BFs = [250   500  1000  2000  4000  8000];

x.LongTone = [20.9      14.3      11.3      9.66      11.9      52.1];
x.ShortTone = [22        16      14.3      12.1      14.4      62.1];

x.Gaps = [0.01      0.03      0.05      0.07      0.09];
x.TMCFreq = [250   500  1000  2000  4000  8000];
x.TMC = [
34.3	27.9	27.4	26.4	25.6	80.1	 
37.6	31.5	32.2	30	30.7	87.1	 
44.8	40	38.4	36.5	31.6	99	 
55.9	49.9	50.9	42.6	41	NaN	 
83.6	76.8	77.3	51.6	57.5	NaN	 
];
x.TMC = x.TMC';

x.MaskerRatio = [0.5      0.7      0.9        1      1.1      1.3      1.6];
x.IFMCFreq = [250   500  1000  2000  4000  8000];
x.IFMCs = [
NaN	47.7	47.3	39.6	37	27.2	 
41.1	33.6	32.1	40.7	32.8	48.5	 
34.9	28.5	27.5	27.1	25.5	84.9	 
34	28.4	27.4	25.2	25	75.2	 
32.5	28.3	29.5	27.6	26.1	NaN	 
31.9	31.5	39.1	39.4	44	NaN	 
36.7	40.3	51.7	57.6	75.9	NaN	 
];
x.IFMCs = x.IFMCs';
