function x = MTprofile_DJeright_20_52hr26_Jan_2012
%created: 20_52hr26_Jan_2012

x.BFs = [250   500  1000  2000  4000  6000  8000];

x.LongTone = [44.2      38.6      24.7      19.9      40.8      40.3       101];
x.ShortTone = [46      42.3      27.2      31.3      51.1      57.8       103];

x.Gaps = [0.01      0.03      0.05      0.07      0.09];
x.TMCFreq = [250   500  1000  2000  4000  6000  8000];
x.TMC = [
65.4	67.4	46	19.9	59.5	55.1	NaN	 
84.6	75.4	54.5	7.29	68.4	57.1	NaN	 
91.1	83.3	70.1	13.7	66.3	63.9	NaN	 
102	93.9	74.3	49.5	65.9	70.8	NaN	 
NaN	99.4	83.1	53.2	80.7	75.5	NaN	 
];
x.TMC = x.TMC';

x.MaskerRatio = [0.5      0.7      0.9        1      1.1      1.3      1.6];
x.IFMCFreq = [250   500  1000  2000  4000  6000  8000];
x.IFMCs = [
73.6	76.8	73.7	69.7	78.4	84.5	NaN	 
72.1	71	65.4	49	82.9	87.7	NaN	 
70.1	66.9	48.1	17.1	73	41.1	NaN	 
70.9	68	49.7	22.2	64.5	51.6	NaN	 
67.7	70.4	62.9	22.2	61.4	78.6	NaN	 
73.9	78.8	83.4	59.5	96.6	102	NaN	 
77.8	85	88.6	90.5	NaN	NaN	NaN	 
];
x.IFMCs = x.IFMCs';
