function x = MTprofile_RMeright_18_38hr26_Jul_2012
%created: 18_38hr26_Jul_2012

x.BFs = [250   500  1000  2000  4000  8000];

x.LongTone = [14.7      11.4      8.47     -1.54      3.87      10.2];
x.ShortTone = [16.6      13.4      9.91      9.96      16.4        35];

x.Gaps = [0.01      0.03      0.05      0.07      0.09];
x.TMCFreq = [250   500  1000  2000  4000  8000];
x.TMC = [
26.5	28	29.8	-3.22	18.4	-20.4	 
52.5	76.3	46.9	12.1	28.3	-20	 
93.5	NaN	63.6	15.6	25.3	-8.94	 
NaN	NaN	73.8	29.7	27.4	11.7	 
NaN	NaN	NaN	43	42	45.2	 
];
x.TMC = x.TMC';

x.MaskerRatio = [0.5      0.7      0.9        1      1.1      1.3      1.6];
x.IFMCFreq = [250   500  1000  2000  4000  8000];
x.IFMCs = [
46.5	47.7	61.1	67.6	60.4	40.8	 
31.8	33.9	39.7	35.5	53	-9.39	 
26.7	28.8	31.5	0.217	17.8	-15.2	 
26.5	29.3	31	2.92	19.2	NaN	 
26.1	30.7	32	0.448	9.95	14.7	 
26.4	37.2	46	12.4	55.8	24.6	 
33	51	66.8	75.4	80.7	25.3	 
];
x.IFMCs = x.IFMCs';
