function x = MTprofile_LBrleft_16_0hr30_Jan_2012
%created: 16_0hr30_Jan_2012

x.BFs = [250   500  1000  2000  4000  8000];

x.LongTone = [26.7      23.1      16.8      13.1      22.8      47.8];
x.ShortTone = [27.6      25.8      18.2      17.2      30.8      62.5];

x.Gaps = [0.01      0.03      0.05      0.07      0.09];
x.TMCFreq = [250   500  1000  2000  4000  8000];
x.TMC = [
51.5	54.8	42.7	18.6	27.4	48.8	 
68	80.8	57.9	30.6	22.1	40	 
95.5	93.1	69.2	30.5	49.8	62.4	 
104	97.4	72.6	29.7	38.9	50.8	 
NaN	103	81.7	55.6	45.6	37.9	 
];
x.TMC = x.TMC';

x.MaskerRatio = [0.5      0.7      0.9        1      1.1      1.3      1.6];
x.IFMCFreq = [250   500  1000  2000  4000  8000];
x.IFMCs = [
56.6	74.8	73	70.5	72.1	45.1	 
56	64.9	61.2	44.4	56	21	 
49.1	58.1	38.6	24.8	28.7	25.6	 
44.7	60.1	41.3	25.2	25.5	37.5	 
43.9	58.3	44.1	24.7	25.6	47.6	 
52.8	81.1	78.1	73.3	50.2	92.1	 
59.4	86.7	87.5	90.9	95.4	91.8	 
];
x.IFMCs = x.IFMCs';
