function x = MTprofile18_20hr22_Aug_2012
%created: 18_20hr22_Aug_2012

x.BFs = [250   500  1000  2000  4000  8000];

x.LongTone = [21.5      14.6      12.6      9.77      12.8      53.8];
x.ShortTone = [23      16.1      15.1      12.2      16.2      57.3];

x.Gaps = [0.01      0.03      0.05      0.07      0.09];
x.TMCFreq = [250   500  1000  2000  4000  8000];
x.TMC = [
34.5	27.5	26.5	23.3	25.7	64.8	 
39.7	31.9	32.3	29.9	28.7	64.8	 
46	38.2	39.1	35	36.7	69.2	 
60.6	49.4	56.8	45.4	47.6	74.5	 
89.6	68	79.9	54	71.9	80.6	 
];
x.TMC = x.TMC';

x.MaskerRatio = [0.5      0.7      0.9        1      1.1      1.3      1.6];
x.IFMCFreq = [250   500  1000  2000  4000  8000];
x.IFMCs = [
NaN	46.6	48.4	41.9	43.3	19.4	 
40.4	32.2	33.3	41.3	38.5	34.9	 
35	27.7	27.6	25.1	26.9	51.3	 
34.1	27.6	27.5	24.7	27.8	65.4	 
33	27.3	27.7	25.3	29	89.2	 
32.1	30.4	39.2	39.8	47.7	NaN	 
37.4	39.4	50.8	55.3	78.1	106	 
];
x.IFMCs = x.IFMCs';
