function x = MTprofile18_6hr24_Jan_2012
%created: 18_6hr24_Jan_2012

x.BFs = [250   500  1000  2000  4000  6000  8000];

x.LongTone = [14.8      11.8      42.4      44.6      40.6      37.5      49.8];
x.ShortTone = [15.8      13.2      50.6      61.8      51.2        51      62.5];

x.Gaps = [0.01      0.03      0.05      0.07      0.09];
x.TMCFreq = [250   500  1000  2000  4000  6000  8000];
x.TMC = [
38	44.4	83.5	39	60.4	62.8	53.6	 
53	56.7	73	44.2	60.6	63.8	54	 
80.1	78.9	82.7	58.6	57.6	64.4	56.8	 
101	90.3	84	69.3	63.1	68.8	69.3	 
NaN	99	84.4	60.3	50.3	68.1	78.2	 
];
x.TMC = x.TMC';

x.MaskerRatio = [0.5      0.7      0.9        1      1.1      1.3      1.6];
x.IFMCFreq = [250   500  1000  2000  4000  6000  8000];
x.IFMCs = [
43.8	65.7	16	70.7	77.2	84.9	86.5	 
42.9	50.3	15.2	74.6	84.5	90.6	64.8	 
38.6	44.5	34.7	45.9	60.9	62.8	47.9	 
38.7	37.7	48.7	40.9	51.6	59.7	54.8	 
36.8	46.8	82.9	41.6	53.1	62.5	77.2	 
38.7	82.7	85.4	20.4	94	101	103	 
44.5	87.2	89.5	73.6	102	107	NaN	 
];
x.IFMCs = x.IFMCs';
