function x = MTprofile_AMoright_17_44hr26_Jan_2012
%created: 17_44hr26_Jan_2012

x.BFs = [250   500  1000  2000  4000  6000];

x.LongTone = [13.7      10.7      10.1      15.3      37.4      96.9];
x.ShortTone = [14.2      11.5      11.5      19.7      51.7       100];

x.Gaps = [0.01      0.03      0.05      0.07      0.09];
x.TMCFreq = [250   500  1000  2000  4000  6000];
x.TMC = [
32.6	38.1	36.5	20	28.7	NaN	 
58.7	59.2	43.8	20.5	51.8	NaN	 
88.8	84.1	70.9	22.4	41	NaN	 
103	95.9	74.7	36.5	54.2	NaN	 
NaN	100	87.1	49.9	58.5	NaN	 
];
x.TMC = x.TMC';

x.MaskerRatio = [0.5      0.7      0.9        1      1.1      1.3      1.6];
x.IFMCFreq = [250   500  1000  2000  4000  6000];
x.IFMCs = [
46.3	66.6	72.8	69.5	73.4	97.1	 
41.3	47.5	53.3	35.5	40.6	NaN	 
37.6	37.6	34.5	14.5	31.5	NaN	 
34.2	38	36.4	14.9	18.4	NaN	 
36.4	41.1	44.1	25	30.4	NaN	 
38.6	54.3	84.8	73.8	97.1	NaN	 
44.1	86.7	90.7	89.9	100	NaN	 
];
x.IFMCs = x.IFMCs';
