function x = MTprofile18_2hr03_Aug_2012
%created: 18_2hr03_Aug_2012

x.BFs = [250   500  1000  2000  4000  8000];

x.LongTone = [12.2      6.92      5.71      8.23      8.77        20];
x.ShortTone = [14.8      9.75      8.09      10.9      10.2      23.7];

x.Gaps = [0.01      0.03      0.05      0.07      0.09];
x.TMCFreq = [250   500  1000  2000  4000  8000];
x.TMC = [
29.1	24.4	24.9	25.6	22.5	32.4	 
38.9	36	40.7	38.8	29.1	41.4	 
59.1	56.2	63.5	57.2	45.7	55.5	 
86.6	89.7	88.6	76.9	57.9	69.9	 
NaN	NaN	NaN	NaN	65.5	NaN	 
];
x.TMC = x.TMC';

x.MaskerRatio = [0.5      0.7      0.9        1      1.1      1.3      1.6];
x.IFMCFreq = [250   500  1000  2000  4000  8000];
x.IFMCs = [
55.8	49.5	56.7	67.8	54	67.5	 
36.6	32.2	27.5	56.5	52.9	54.4	 
29.4	25.6	20.6	27.3	22.5	33.6	 
28.1	24.4	24.5	24.7	20.3	33.4	 
26.9	24.7	33.4	30.4	22	37.2	 
25.1	26.4	58.4	56.5	54	62.8	 
31.9	46	69.6	71.7	72.2	104	 
];
x.IFMCs = x.IFMCs';
