function x = MTprofile16_46hr27_Jan_2012
%created: 16_46hr27_Jan_2012

x.BFs = [250   500  1000  2000  4000  6000  8000];

x.LongTone = [6.95      4.35      3.32      5.49        13      17.2      38.3];
x.ShortTone = [9.82      5.85      5.98      9.22      16.3        21      43.1];

x.Gaps = [0.01      0.03      0.05      0.07      0.09];
x.TMCFreq = [250   500  1000  2000  4000  6000  8000];
x.TMC = [
21.9	18	21.7	41.4	30.5	36.7	44.6	 
32.5	22.8	48.9	55.2	45.3	36.9	55.8	 
87.8	43.3	69.9	69.2	65.8	55.7	53.7	 
98.6	84.9	91.2	78.7	70.7	61.5	63.3	 
NaN	92.4	97.7	86.3	84.6	81.7	56.5	 
];
x.TMC = x.TMC';

x.MaskerRatio = [0.5      0.7      0.9        1      1.1      1.3      1.6];
x.IFMCFreq = [250   500  1000  2000  4000  6000  8000];
x.IFMCs = [
31	39.2	68	72.3	73.9	79.2	48.3	 
26	27.1	40.9	70.9	81	81.8	23	 
24	19.6	25.5	38.5	45.6	32.3	34	 
21.6	18.3	23.3	43.9	41.1	33	39.8	 
22	18.9	26.5	50.3	46.8	43.9	63	 
21.1	25.3	56.9	88.7	93.7	88.2	97.2	 
23.2	51.6	86.8	92.9	98.8	103	77.6	 
];
x.IFMCs = x.IFMCs';
