function x = MTprofile_Normal_16_0hr02_Feb_2012
%created: 16_0hr02_Feb_2012

x.BFs = [1000];

x.LongTone = [64.6];
x.ShortTone = [67.3];

x.Gaps = [0.01      0.03      0.05      0.07      0.09];
x.TMCFreq = [1000];
x.TMC = [
87.8	 
95.3	 
99.8	 
103	 
NaN	 
];
x.TMC = x.TMC';

x.MaskerRatio = [0.5      0.7      0.9        1      1.1      1.3      1.6];
x.IFMCFreq = [1000];
x.IFMCs = [
90.4	 
86.3	 
86	 
87.6	 
87.6	 
91.1	 
97.9	 
];
x.IFMCs = x.IFMCs';
