function x = MTprofile_LAdright_18_58hr25_Jan_2012
%created: 18_58hr25_Jan_2012

x.BFs = [250   500  1000  2000  4000];

x.LongTone = [19.4      16.9      30.2      68.5      76.2];
x.ShortTone = [22.7      21.5        46      74.3      79.7];

x.Gaps = [0.01      0.03      0.05      0.07      0.09];
x.TMCFreq = [250   500  1000  2000  4000];
x.TMC = [
30.4	30.2	40	89.3	93.4	 
31.8	34	43.9	94.7	98.6	 
45.4	55	65.8	95	NaN	 
62.3	59.3	66	NaN	NaN	 
73	71.3	71.5	NaN	NaN	 
];
x.TMC = x.TMC';

x.MaskerRatio = [0.5      0.7      0.9        1      1.1      1.3      1.6];
x.IFMCFreq = [250   500  1000  2000  4000];
x.IFMCs = [
37.2	59.3	73.9	89.5	92.7	 
28.9	42.4	50.4	90.2	94.4	 
33.7	32.9	46.5	89.1	96.6	 
28.6	33.6	49.5	90.1	92.2	 
26	32.7	37.4	93.1	99.8	 
30.4	52.2	85.8	100	NaN	 
35.8	85.3	92.2	NaN	NaN	 
];
x.IFMCs = x.IFMCs';
