function x = MTprofile12_2hr26_Jan_2012
%created: 12_2hr26_Jan_2012

x.BFs = [250   500  1000  2000  4000];

x.LongTone = [66.3      59.6      56.5      60.1      76.5];
x.ShortTone = [69      61.1      59.6      62.3      80.6];

x.Gaps = [0.01      0.03      0.05      0.07      0.09];
x.TMCFreq = [250   500  1000  2000  4000];
x.TMC = [
96.3	85.2	84.7	81.7	96.6	 
100	90.9	91.2	85.8	98.3	 
104	97.8	94.7	90.1	103	 
NaN	98.5	99.3	95.4	NaN	 
NaN	101	NaN	101	NaN	 
];
x.TMC = x.TMC';

x.MaskerRatio = [0.5      0.7      0.9        1      1.1      1.3      1.6];
x.IFMCFreq = [250   500  1000  2000  4000];
x.IFMCs = [
98	87.9	83.1	75.2	78.5	 
97.2	84.8	83	76.6	85.2	 
96.4	85.6	84.4	80.5	93.4	 
95.6	84.5	82.9	82.1	95.7	 
93.9	84.3	84.6	84.4	101	 
92.8	83.1	87.7	90.3	106	 
92.1	85.3	93.1	97.1	NaN	 
];
x.IFMCs = x.IFMCs';
