function x = MTprofile15_32hr23_Jan_2012
%created: 15_32hr23_Jan_2012

x.BFs = [250   500  1000  2000  4000];

x.LongTone = [17.4      14.1      17.4      55.4      67.2];
x.ShortTone = [18.5        16      24.5      61.3      74.4];

x.Gaps = [0.01      0.03      0.05      0.07      0.09];
x.TMCFreq = [250   500  1000  2000  4000];
x.TMC = [
30.9	37.3	33.9	65	86.2	 
46.9	41.3	34.7	71.9	87.8	 
53.8	59.6	30.7	70.2	89.6	 
78.3	70.8	52.8	78.9	91.3	 
94.4	79.8	48.9	81	94.9	 
];
x.TMC = x.TMC';

x.MaskerRatio = [0.5      0.7      0.9        1      1.1      1.3      1.6];
x.IFMCFreq = [250   500  1000  2000  4000];
x.IFMCs = [
40.9	63.4	64.4	77.2	87.4	 
41.1	48.7	38	79.1	92.4	 
30.6	34.4	23.3	69.4	86.2	 
32.2	40.1	28.4	61.5	85.3	 
29.4	37.7	24.4	71.6	95.4	 
33.4	60.8	78.1	93.3	105	 
37.8	86.8	88.5	97.9	NaN	 
];
x.IFMCs = x.IFMCs';
