function x = MTprofile_Normal_12_45hr23_Jan_2012
%created: 12_45hr23_Jan_2012

x.BFs = [250   500  1000  2000  4000  8000];

x.LongTone = [7.15      4.21      3.28      6.08      12.9      18.5];
x.ShortTone = [9.39      7.31      6.29      7.47      15.3      23.7];

x.Gaps = [0.01      0.03      0.05      0.07      0.09];
x.TMCFreq = [250   500  1000  2000  4000  8000];
x.TMC = [
21.8	21.1	29.2	26.5	34.4	38.3	 
33.3	37.3	48.7	43.1	48.2	49.4	 
50.8	85.7	75.3	58.9	49.5	55.2	 
97.5	93.9	92.4	68.5	71.3	68.9	 
100	97.4	97.5	79.2	64	80.5	 
];
x.TMC = x.TMC';

x.MaskerRatio = [0.5      0.7      0.9        1      1.1      1.3      1.6];
x.IFMCFreq = [250   500  1000  2000  4000  8000];
x.IFMCs = [
30.4	49	68.4	70.4	73.2	82.1	 
25.3	32.3	44.5	68.6	78.5	86.8	 
22.9	22.6	27.7	25.2	34.6	36.7	 
20.8	20.8	22	19.8	34.9	36.3	 
21.1	21.5	29.3	36.7	38.1	42	 
20.2	32.6	82	86.2	93.1	92.1	 
22.5	83.3	87.6	90.6	97.9	103	 
];
x.IFMCs = x.IFMCs';
