function x = MTprofile_OHCloss4c_10_21hr17_May_2012
%created: 10_21hr17_May_2012

x.BFs = [250   500  1000  2000  4000  8000];

x.LongTone = [18.6      11.4      13.7      13.8      18.9      25.6];
x.ShortTone = [18.5      13.5      13.4        15      23.4      29.2];

x.Gaps = [0.01      0.03      0.05      0.07      0.09];
x.TMCFreq = [250   500  1000  2000  4000  8000];
x.TMC = [
30	29.3	26.4	28.6	36.3	44.3	 
41	50.5	41.5	38.1	68.3	71.2	 
64.4	96.5	80.5	67.2	81.1	100	 
95	NaN	NaN	NaN	NaN	92.3	 
NaN	NaN	NaN	NaN	NaN	NaN	 
];
x.TMC = x.TMC';

x.MaskerRatio = [0.5      0.7      0.9        1      1.1      1.3      1.6];
x.IFMCFreq = [250   500  1000  2000  4000  8000];
x.IFMCs = [
NaN	51.4	39.4	43.2	62.8	55	 
NaN	37	34	29.7	48.6	48	 
32.1	28.6	25.8	26.2	37.2	44.7	 
31.6	30.1	28	27.3	41.4	46.5	 
27.3	28.1	26.9	25.9	44.9	49.7	 
29.6	32.5	32.5	38.5	54.6	93.5	 
32.3	49.2	57.1	54.8	81.9	NaN	 
];
x.IFMCs = x.IFMCs';
