function x = MTprofile17_3hr06_Aug_2012
%created: 17_3hr06_Aug_2012

x.BFs = [250   500  1000  2000  4000  8000];

x.LongTone = [11.7      8.38      2.87      4.16        11      66.3];
x.ShortTone = [13.7      9.59      8.25      13.3      20.5        71];

x.Gaps = [0.01      0.03      0.05      0.07      0.09];
x.TMCFreq = [250   500  1000  2000  4000  8000];
x.TMC = [
29	27.8	12.6	12.7	27.2	76.3	 
41.4	41.8	24.5	16.3	29.8	76.1	 
62.4	55.9	36.9	28.4	45.7	99.9	 
82.3	78.6	45.6	37.4	57.8	NaN	 
NaN	NaN	58.5	36.1	57.4	NaN	 
];
x.TMC = x.TMC';

x.MaskerRatio = [0.5      0.7      0.9        1      1.1      1.3      1.6];
x.IFMCFreq = [250   500  1000  2000  4000  8000];
x.IFMCs = [
NaN	55.4	58	51.6	59.1	33.2	 
35.6	37.3	35.3	14.4	57.1	81.6	 
30.5	27.1	19.3	17.9	33.2	102	 
27.9	27.4	18.2	15.3	31.2	74.6	 
26.6	28.4	27	19.6	28.9	NaN	 
28.4	37.7	51.5	10.7	56.8	NaN	 
36.7	56.6	64.8	75.5	104	NaN	 
];
x.IFMCs = x.IFMCs';
