function x = MTprofile_CWaleft_11_49hr16_Feb_2012
%created: 11_49hr16_Feb_2012

x.BFs = [4000];

x.LongTone = [28.8];
x.ShortTone = [43.4];

x.Gaps = [0.01      0.03      0.05      0.07      0.09];
x.TMCFreq = [4000];
x.TMC = [
41.2	 
38.7	 
41.8	 
44.4	 
63.9	 
];
x.TMC = x.TMC';

x.MaskerRatio = [0.5      0.7      0.9        1      1.1      1.3      1.6];
x.IFMCFreq = [4000];
x.IFMCs = [
70.8	 
76.3	 
37.1	 
37.5	 
36.8	 
52.7	 
94.2	 
];
x.IFMCs = x.IFMCs';
