function x = MTprofile_OHCloss4h_12_58hr06_Aug_2012
%created: 12_58hr06_Aug_2012

x.BFs = [250   500  1000  2000  4000  8000];

x.LongTone = [14.6      7.74      6.05      7.84      16.1      24.5];
x.ShortTone = [16.5      10.5      9.23      11.4      18.4      27.8];

x.Gaps = [0.01      0.03      0.05      0.07      0.09];
x.TMCFreq = [250   500  1000  2000  4000  8000];
x.TMC = [
38.6	29.8	43.5	33.4	30.8	36.5	 
65.9	65.2	81.7	62.1	43.9	45.4	 
102	NaN	NaN	89.4	63.8	63.3	 
NaN	NaN	NaN	NaN	95.9	NaN	 
NaN	NaN	NaN	NaN	NaN	NaN	 
];
x.TMC = x.TMC';

x.MaskerRatio = [0.5      0.7      0.9        1      1.1      1.3      1.6];
x.IFMCFreq = [250   500  1000  2000  4000  8000];
x.IFMCs = [
NaN	71.8	58	54.4	54.2	54.5	 
51.1	34.6	41.4	61.8	45.6	45.3	 
40.6	29.4	42.2	29.7	30.5	34.5	 
39.5	30.7	45.6	32.8	32.9	38.6	 
34.8	30.1	47.6	34.6	32.8	39.1	 
33.4	37.8	68.8	59.5	44.9	65.5	 
38.4	66.1	NaN	93	73.6	101	 
];
x.IFMCs = x.IFMCs';
