function x = MTprofile_Normal_15_27hr05_Dec_2012
%created: 15_29hr05_Dec_2012

x.BFs = [250   500  1000  2000  4000  8000];

x.LongTone = [6.99      3.14      2.95      6.12      12.2      19.4];
x.ShortTone = [14.9      12.8      12.5      16.4      24.7      32.5];

x.Gaps = [0.01      0.03      0.05      0.07      0.09];
x.TMCFreq = [250   500  1000  2000  4000  8000];
x.TMC = [
20.4	19.4	18	16.3	26.6	31.2	 
21.8	25.8	24.7	19	28.6	37.4	 
24.3	45	38.5	36.3	35.5	41.2	 
36.1	82.1	68.7	49.3	48.7	56.4	 
92.3	95.5	85	58.6	43.4	63.9	 
];
x.TMC = x.TMC';

x.MaskerRatio = [0.5      0.7      0.9        1      1.1      1.3      1.6];
x.IFMCFreq = [250   500  1000  2000  4000  8000];
x.IFMCs = [
29.9	44	65	68.5	70.1	79.5	 
24.5	30.7	38	39.1	76.3	60.8	 
22.5	21.9	20.4	18.8	24.7	37	 
20.3	19.9	17.1	17.4	23.3	31	 
19.3	21	20.7	21.5	26	38.7	 
18.8	30.8	52.5	57	42.7	68	 
19.4	84.2	85.4	88.9	95	101	 
];
x.IFMCs = x.IFMCs';
