function x = MTprofile11_11hr26_Jul_2012
%created: 11_11hr26_Jul_2012

x.BFs = [1000];

x.LongTone = [26.7];
x.ShortTone = [29];

x.Gaps = [0.01      0.03      0.05      0.07      0.09];
x.TMCFreq = [1000];
x.TMC = [
48.2	 
77.8	 
79	 
86.1	 
91.6	 
];
x.TMC = x.TMC';

x.MaskerRatio = [0.5      0.7      0.9        1      1.1      1.3      1.6];
x.IFMCFreq = [1000];
x.IFMCs = [
56.5	 
43	 
41.5	 
51.9	 
80.4	 
82	 
87.8	 
];
x.IFMCs = x.IFMCs';
