function x = MTprofile_Normal_15_43hr02_Feb_2012
%created: 15_43hr02_Feb_2012

x.BFs = [1000];

x.LongTone = [4.01];
x.ShortTone = [6.86];

x.Gaps = [0.01      0.03      0.05      0.07      0.09];
x.TMCFreq = [1000];
x.TMC = [
22.9	 
43	 
81.2	 
86.9	 
94.1	 
];
x.TMC = x.TMC';

x.MaskerRatio = [0.5      0.7      0.9        1      1.1      1.3      1.6];
x.IFMCFreq = [1000];
x.IFMCs = [
74.3	 
40.5	 
25.1	 
21.1	 
25.2	 
44.9	 
93.3	 
];
x.IFMCs = x.IFMCs';
