function x = MTprofile_JEleft_14_50hr20_Aug_2012
%created: 14_50hr20_Aug_2012

x.BFs = [250   500  1000  2000  4000  8000];

x.LongTone = [58.7      53.7      51.9      54.8      61.3      88.5];
x.ShortTone = [61      56.6      54.3      56.5      66.3      91.2];

x.Gaps = [0.01      0.03      0.05      0.07      0.09];
x.TMCFreq = [250   500  1000  2000  4000  8000];
x.TMC = [
77.6	77.8	72.2	73.4	83.6	NaN	 
93.4	88.7	81.4	78.3	86.6	NaN	 
98.3	92.3	92.2	83.4	88.9	NaN	 
102	97.7	97.5	85.8	92	NaN	 
107	101	101	93.8	NaN	NaN	 
];
x.TMC = x.TMC';

x.MaskerRatio = [0.5      0.7      0.9        1      1.1      1.3      1.6];
x.IFMCFreq = [250   500  1000  2000  4000  8000];
x.IFMCs = [
84.4	84.4	76.3	71.3	77.5	83.6	 
79.6	80.2	74.8	71.6	81.4	95.7	 
78.6	76.9	72.8	72.5	81.5	104	 
76.7	77	73.2	73.8	81.6	NaN	 
76.2	75.5	75.5	77.7	85.9	NaN	 
76.7	79.9	81.5	85.7	94.7	NaN	 
77.1	84.6	90.2	92.6	99.3	NaN	 
];
x.IFMCs = x.IFMCs';
