function x = MTprofile_INeright_15_32hr27_Jan_2012
%created: 15_32hr27_Jan_2012

x.BFs = [250   500  1000  2000  4000  6000  8000];

x.LongTone = [12.8      9.31      8.71      12.9      23.3      27.3      29.2];
x.ShortTone = [14.2        11      10.6      18.2      28.4      29.6      32.5];

x.Gaps = [0.01      0.03      0.05      0.07      0.09];
x.TMCFreq = [250   500  1000  2000  4000  6000  8000];
x.TMC = [
37.7	37	42.3	23.5	24.1	36.1	46.5	 
64.7	63	47.8	37.9	28.7	35.3	41.5	 
97.2	83.7	69.2	30.8	21.9	30.9	46.3	 
104	97.3	79.2	39.4	24.1	50	60.8	 
NaN	101	94.2	57.5	30.6	51	63.5	 
];
x.TMC = x.TMC';

x.MaskerRatio = [0.5      0.7      0.9        1      1.1      1.3      1.6];
x.IFMCFreq = [250   500  1000  2000  4000  6000  8000];
x.IFMCs = [
49.9	64.8	73.2	69.8	71.5	78.6	85.5	 
47.8	48.7	54.2	43.5	48.1	84.6	89.8	 
37	37.1	35.2	26.3	21.4	37.4	40.8	 
37.5	38.7	36	17.3	26.4	26.8	41.8	 
40.6	42.5	49.3	30.3	25.4	33.6	43.1	 
38.9	53.2	84.6	48.2	48.4	50.8	92.2	 
42.9	85.6	90.7	92.6	95.4	101	106	 
];
x.IFMCs = x.IFMCs';
