function x = MTprofile10_35hr01_Jun_2012
%created: 10_35hr01_Jun_2012

x.BFs = [250   500  1000  2000  4000  8000];

x.LongTone = [15.3      10.4      8.69      11.6      18.7      24.9];
x.ShortTone = [17.2      11.7      11.3      14.1      22.9      27.9];

x.Gaps = [0.01      0.03      0.05      0.07      0.09];
x.TMCFreq = [250   500  1000  2000  4000  8000];
x.TMC = [
22.6	18.5	13.6	17.1	26.6	31.2	 
24.7	22.4	18.2	20.7	36.5	40.9	 
30.7	30.9	24	37.3	51.7	61.4	 
47.9	51.3	42.4	61.9	78.6	68	 
70.4	82.2	77.8	97.5	NaN	NaN	 
];
x.TMC = x.TMC';

x.MaskerRatio = [0.5      0.7      0.9        1      1.1      1.3      1.6];
x.IFMCFreq = [250   500  1000  2000  4000  8000];
x.IFMCs = [
NaN	56.2	35.9	42.8	56.9	43.9	 
NaN	34.1	27.8	28.3	41.3	43.5	 
24.4	19.1	13.6	16.6	26.5	30.3	 
23.7	18.6	13.4	16.4	25.8	29.9	 
20.4	17.7	14.2	16.8	27.1	32.2	 
25.1	26.6	24.1	29.5	38.6	52.3	 
33.4	42.7	41.3	47.4	72.4	94.5	 
];
x.IFMCs = x.IFMCs';
