function x = MTprofile16_33hr25_Jan_2012
%created: 16_33hr25_Jan_2012

x.BFs = [250   500  1000  2000  3000];

x.LongTone = [63.9      58.6      56.7      59.4        68];
x.ShortTone = [65.7      59.9      59.4        62      71.7];

x.Gaps = [0.01      0.03      0.05      0.07      0.09];
x.TMCFreq = [250   500  1000  2000  3000];
x.TMC = [
92.1	82.2	82	81.7	88.5	 
98.7	93	90.2	85	93.2	 
103	94.4	97	90.9	94.7	 
NaN	98	102	97.7	NaN	 
NaN	101	NaN	NaN	NaN	 
];
x.TMC = x.TMC';

x.MaskerRatio = [0.5      0.7      0.9        1      1.1      1.3      1.6];
x.IFMCFreq = [250   500  1000  2000  3000];
x.IFMCs = [
96.6	90.8	83	74.5	76.4	 
94.2	86.1	82.6	76.3	81.3	 
91.5	83.9	83.1	78.9	85.4	 
90.7	83.6	83.6	82	89.5	 
89.7	85.7	83.8	84.7	92.7	 
88.8	85.3	88.2	89.4	97.9	 
88.7	90.1	94.3	97.3	105	 
];
x.IFMCs = x.IFMCs';
