function x = MTprofile_ECrleft_12_26hr20_Jan_2012
%created: 12_26hr20_Jan_2012

x.BFs = [250];

x.LongTone = [77.7];
x.ShortTone = [78.5];

x.Gaps = [0.01      0.03      0.05      0.07      0.09];
x.TMCFreq = [250];
x.TMC = [
74.4	 
79	 
84	 
90.1	 
91.7	 
];
x.TMC = x.TMC';

x.MaskerRatio = [0.5      0.7      0.9        1      1.1      1.3      1.6];
x.IFMCFreq = [250];
x.IFMCs = [
82	 
79	 
75.9	 
74.8	 
73.3	 
71.7	 
71.4	 
];
x.IFMCs = x.IFMCs';
