function x = MTprofile14_28hr26_Jan_2012
%created: 14_28hr26_Jan_2012

x.BFs = [250   500  1000  2000  4000  6000];

x.LongTone = [13.7      11.3      10.3      17.5        32      42.6];
x.ShortTone = [14.8      12.5      12.3      27.2      45.8      54.5];

x.Gaps = [0.01      0.03      0.05      0.07      0.09];
x.TMCFreq = [250   500  1000  2000  4000  6000];
x.TMC = [
31.9	44.5	33.6	25.1	47	50.1	 
56.3	60.7	42.5	27.1	59.5	60.9	 
93.5	79.6	60.6	29	67.9	60.4	 
102	97.4	72.9	36.1	64.8	62.9	 
NaN	102	78.3	36.2	68	79.7	 
];
x.TMC = x.TMC';

x.MaskerRatio = [0.5      0.7      0.9        1      1.1      1.3      1.6];
x.IFMCFreq = [250   500  1000  2000  4000  6000];
x.IFMCs = [
47.4	67	71.6	70.7	78	81.4	 
44.8	49.8	54.4	33.4	80.7	69.7	 
38.5	42	35.2	14.5	68.7	48.2	 
36.2	36.2	31.2	14.3	30.9	62.4	 
36.1	40.7	41.7	19.7	39	73.1	 
36.6	62	84.3	46.5	90.7	NaN	 
43.1	86.9	90.2	87.6	99.4	NaN	 
];
x.IFMCs = x.IFMCs';
