function x = MTprofile_RMeright_11_22hr10_Feb_2012
%created: 11_22hr10_Feb_2012

x.BFs = [4000];

x.LongTone = [54.4        53      8.82      8.57      6.06      35.7      74.4];
x.ShortTone = [54.4        53      8.82      8.57      6.06      35.7      74.4];

x.Gaps = [0.5       0.7       0.9         1       1.1       1.3       1.6];
x.TMCFreq = [4000];
x.TMC = [
54.4	 
53	 
8.82	 
8.57	 
6.06	 
35.7	 
74.4	 
];
x.TMC = x.TMC';

x.MaskerRatio = [0.5      0.7      0.9        1      1.1      1.3      1.6];
x.IFMCFreq = [4000];
x.IFMCs = [
54.4	 
53	 
8.82	 
8.57	 
6.06	 
35.7	 
74.4	 
];
x.IFMCs = x.IFMCs';
