function x = MTprofile13_18hr26_Jan_2012
%created: 13_18hr26_Jan_2012

x.BFs = [250   500  1000  2000  4000  6000];

x.LongTone = [15.9        13      12.1        35      54.1      45.6];
x.ShortTone = [16.1      14.1      16.6      47.1      59.6      57.3];

x.Gaps = [0.01      0.03      0.05      0.07      0.09];
x.TMCFreq = [250   500  1000  2000  4000  6000];
x.TMC = [
35	41.2	24.8	40.4	55.1	63.9	 
43.3	55.7	38.7	49.8	68.6	57.7	 
69.9	74.9	43.4	60.3	72.3	68.1	 
88.1	81	55.6	48.4	76.1	76.9	 
99	90.5	68.8	80.3	86.5	78.6	 
];
x.TMC = x.TMC';

x.MaskerRatio = [0.5      0.7      0.9        1      1.1      1.3      1.6];
x.IFMCFreq = [250   500  1000  2000  4000  6000];
x.IFMCs = [
43.2	67.3	70.8	72.6	81.6	86.6	 
42.7	48.5	46.6	49.3	86.4	91.9	 
38.1	41	35.8	27	75.9	60.8	 
33.4	40.4	24.4	50	71	62.5	 
30.8	41.8	38.5	36	74	68.3	 
29.7	82.1	81.2	87	96.1	101	 
40.8	86.4	89.1	94.3	103	NaN	 
];
x.IFMCs = x.IFMCs';
