function x = MTprofile_RSmleft_13_3hr15_May_2012
%created: 13_3hr15_May_2012

x.BFs = [250   500  1000  2000  4000  8000];

x.LongTone = [60.3      44.5      17.1         6      12.7        46];
x.ShortTone = [64.9      54.7      21.2      8.86        17      59.8];

x.Gaps = [0.01      0.03      0.05      0.07      0.09];
x.TMCFreq = [250   500  1000  2000  4000  8000];
x.TMC = [
83.4	66.8	34.8	36.9	39.2	45	 
95.2	72.3	48.1	51.3	58.4	51.4	 
97.3	72.5	57.4	67.2	60.9	43.8	 
102	73.8	61.3	76.8	71.6	67.6	 
NaN	75	75.8	88.6	87.7	75.2	 
];
x.TMC = x.TMC';

x.MaskerRatio = [0.5      0.7      0.9        1      1.1      1.3      1.6];
x.IFMCFreq = [250   500  1000  2000  4000  8000];
x.IFMCs = [
85.5	72.2	70	71.6	77.3	26.1	 
84.7	71	69.9	71.8	80.9	18	 
84	71	47.2	34.2	47.9	39.8	 
84.7	68.4	35.4	34	40.5	55.7	 
84.9	70.8	28.1	48.6	46.9	95.8	 
83.5	70.4	17.2	87.1	94.4	93.9	 
83.6	66.5	13.3	94.7	98.4	76	 
];
x.IFMCs = x.IFMCs';
