function x = MTprofile_Normal_12_48hr24_Jan_2012
%created: 12_48hr24_Jan_2012

x.BFs = [250   500  1000  2000  4000  8000];

x.LongTone = [7.35      4.25      3.47      5.96      13.6      18.8];
x.ShortTone = [8.86      7.05      6.48      9.61      16.5      23.4];

x.Gaps = [0.01      0.03      0.05      0.07      0.09];
x.TMCFreq = [250   500  1000  2000  4000  8000];
x.TMC = [
20.7	19.8	23.7	35.2	35	36.8	 
24.8	31.3	38.6	42.1	38.6	41.7	 
44.2	62.2	70.5	56.5	49	51.6	 
89.2	90.8	92.2	70.6	59.5	55.6	 
96.7	96	97	78.8	67.9	70.5	 
];
x.TMC = x.TMC';

x.MaskerRatio = [0.5      0.7      0.9        1      1.1      1.3      1.6];
x.IFMCFreq = [250   500  1000  2000  4000  8000];
x.IFMCs = [
27.3	42.4	63.7	73.9	77.4	83.8	 
25	29.9	39.3	57.9	82.4	71.2	 
22.2	22.6	26.1	35.4	40.8	40.2	 
20.8	20.3	22.8	35.2	36.6	37.2	 
18.9	21.4	29.8	43.9	42.7	43.5	 
19.4	32	50.3	90.9	70.2	76.9	 
20.6	50.3	91.1	96	101	104	 
];
x.IFMCs = x.IFMCs';
