function x = MTprofile_RMeright_17_12hr06_Aug_2012
%created: 17_12hr06_Aug_2012

x.BFs = [250   500  1000  2000  4000  8000];

x.LongTone = [14.5      11.6      7.32     -3.09      4.49      11.6];
x.ShortTone = [16.5      12.9       9.6      7.68      17.7      26.3];

x.Gaps = [0.01      0.03      0.05      0.07      0.09];
x.TMCFreq = [250   500  1000  2000  4000  8000];
x.TMC = [
30.3	27.9	25.1	-2.7	16	20.7	 
44.5	46.1	36.3	1.49	23.4	34.6	 
66.4	64.9	53.1	11.1	39	47.8	 
91.5	99.2	76.9	23.1	43.4	60.1	 
NaN	NaN	NaN	43	55.8	72.5	 
];
x.TMC = x.TMC';

x.MaskerRatio = [0.5      0.7      0.9        1      1.1      1.3      1.6];
x.IFMCFreq = [250   500  1000  2000  4000  8000];
x.IFMCs = [
NaN	58.4	77.8	72.3	83.1	96	 
38	38.2	46.4	18.3	70.8	19.7	 
31.5	28.8	26.3	9.75	22.5	4.02	 
30.7	28.7	28.4	-5.75	21.2	15.4	 
30	30.8	29.6	-11.1	18.4	55.8	 
28.7	36.1	47	32.5	28.4	54.7	 
37.6	55.5	74.3	27.5	96.2	56.5	 
];
x.IFMCs = x.IFMCs';
