function x = MTprofile_GJoright_13_19hr27_Jan_2012
%created: 13_19hr27_Jan_2012

x.BFs = [250   500  1000  2000  4000  6000  8000];

x.LongTone = [13.5      10.2      9.36      15.2      37.8        29      33.3];
x.ShortTone = [14.9      11.8      11.5      26.5      50.4      38.5      36.7];

x.Gaps = [0.01      0.03      0.05      0.07      0.09];
x.TMCFreq = [250   500  1000  2000  4000  6000  8000];
x.TMC = [
40.6	39.9	39.3	30.2	25.3	46.9	47.7	 
69	67.8	46	25.1	52.2	57.7	43.1	 
93	84.2	67.2	35	24.2	59.1	41.2	 
104	98.2	76.7	36.5	51.2	54.3	46.3	 
NaN	102	85.9	57.4	56.4	68.1	56.7	 
];
x.TMC = x.TMC';

x.MaskerRatio = [0.5      0.7      0.9        1      1.1      1.3      1.6];
x.IFMCFreq = [250   500  1000  2000  4000  6000  8000];
x.IFMCs = [
48.1	69.1	72	70.5	70.4	84.8	85.4	 
48.4	55.1	51.8	35.3	47.1	88.3	62.1	 
40.6	42.3	34.4	27.9	23.3	49.5	33.3	 
38.4	41.5	35.5	24.9	29.1	41.8	41.7	 
33.1	43.8	45.7	26.9	23.8	38.9	40.2	 
37.7	62.6	84.1	85.5	67.9	99.4	94	 
45.7	86.9	89.9	89.8	98.2	103	104	 
];
x.IFMCs = x.IFMCs';
