function x = MTprofile16_42hr23_Jan_2012
%created: 16_42hr23_Jan_2012

x.BFs = [250   500  1000  2000  4000  8000];

x.LongTone = [15.8      13.1        13      37.3      53.1      73.1];
x.ShortTone = [16.3      14.4      15.8      44.2      59.1      84.8];

x.Gaps = [0.01      0.03      0.05      0.07      0.09];
x.TMCFreq = [250   500  1000  2000  4000  8000];
x.TMC = [
36.6	39.8	29.7	18.9	62	85.3	 
47.8	58.9	33.3	14.3	72.6	88.7	 
64.2	68.2	44.4	43	72.4	100	 
91.5	84	47.9	37.8	74.4	97.7	 
103	92.6	66.3	32.3	79.4	100	 
];
x.TMC = x.TMC';

x.MaskerRatio = [0.5      0.7      0.9        1      1.1      1.3      1.6];
x.IFMCFreq = [250   500  1000  2000  4000  8000];
x.IFMCs = [
42.4	69.5	69.2	60.1	81.8	90.9	 
43	54.8	45.8	37	86.2	76.8	 
36.6	41.1	23.5	11.7	72.1	71.4	 
37	39	27.5	34.8	65.9	89.5	 
32.9	44.9	35.3	25.6	65.2	102	 
38	81.9	83	66.3	98.1	NaN	 
39.8	87.4	89.4	89.2	NaN	NaN	 
];
x.IFMCs = x.IFMCs';
