function x = MTprofile_Normal_17_18hr05_Dec_2012
%created: 17_19hr05_Dec_2012

x.BFs = [250   500  1000  2000  4000  8000];

x.LongTone = [-1.96     -5.46     -5.86     -3.77       3.4      9.75];
x.ShortTone = [5.03      2.28      2.26         8      14.5      22.5];

x.Gaps = [0.01      0.03      0.05      0.07      0.09];
x.TMCFreq = [250   500  1000  2000  4000  8000];
x.TMC = [
9.65	9.18	7.56	11	13	21.6	 
13	11.4	9.54	10.7	14.6	30.6	 
13.8	22	25	21.9	14.5	27.8	 
22.5	57.8	44.8	45.9	35.2	33.7	 
79.5	90.1	87.9	59.4	46.8	67.5	 
];
x.TMC = x.TMC';

x.MaskerRatio = [0.5      0.7      0.9        1      1.1      1.3      1.6];
x.IFMCFreq = [250   500  1000  2000  4000  8000];
x.IFMCs = [
19.3	30.9	57.7	70.6	71.2	79.4	 
16.5	18.3	27.7	39.1	73.7	70.9	 
13.2	10.4	10.1	8.79	16.5	25.8	 
10.5	9.14	7.64	9.29	12.6	21.4	 
9.77	9.98	9.59	16.6	18.8	29.4	 
7.94	16.5	32.4	59.1	44	49.9	 
9.2	41.2	85.3	90.3	95.6	101	 
];
x.IFMCs = x.IFMCs';
