function x = MTprofile16_54hr26_Jan_2012
%created: 16_54hr26_Jan_2012

x.BFs = [250   500  1000  2000  3000  4000];

x.LongTone = [13.7      10.6      10.5      17.9      32.7        61];
x.ShortTone = [15.2      12.7      12.5      29.1      42.7      81.8];

x.Gaps = [0.01      0.03      0.05      0.07      0.09];
x.TMCFreq = [250   500  1000  2000  3000  4000];
x.TMC = [
37.5	43	35.8	32.3	36.5	90.7	 
56.7	67.9	51.4	42.6	55.1	93.5	 
93.3	86.9	60.7	35.6	46.9	95.2	 
103	93.2	72.1	52.7	51.5	94.1	 
NaN	101	80.2	56.3	57.2	95.7	 
];
x.TMC = x.TMC';

x.MaskerRatio = [0.5      0.7      0.9        1      1.1      1.3      1.6];
x.IFMCFreq = [250   500  1000  2000  3000  4000];
x.IFMCs = [
48.8	69.7	72.4	68.7	71.7	79.9	 
42.9	54.7	53.4	24.7	29.4	68.2	 
37.2	47.6	31.8	28.2	31.1	72.9	 
37.1	42.7	37	19.9	20.5	92.5	 
34	44	43.6	25	32.5	96.9	 
36.5	82	84.8	57	52.1	101	 
45.8	88.3	90.7	90.1	97.2	NaN	 
];
x.IFMCs = x.IFMCs';
