function x = MTprofile12_24hr23_Feb_2012
%created: 12_24hr23_Feb_2012

x.BFs = [250   500  1000  2000  4000  8000];

x.LongTone = [14.6      11.2      10.8      18.5      37.8        69];
x.ShortTone = [15.3        13      13.1      33.7      49.4      85.7];

x.Gaps = [0.01      0.03      0.05      0.07      0.09];
x.TMCFreq = [250   500  1000  2000  4000  8000];
x.TMC = [
37.8	44.8	33.9	28.6	52.7	88.7	 
55	60.6	39.5	43.7	63	88	 
86.4	82.3	55.3	42	64.5	90.8	 
NaN	92.1	73.7	44.7	73.3	98.6	 
NaN	102	78.9	52.3	73.7	99.2	 
];
x.TMC = x.TMC';

x.MaskerRatio = [0.5      0.7      0.9        1      1.1      1.3      1.6];
x.IFMCFreq = [250   500  1000  2000  4000  8000];
x.IFMCs = [
47.2	68.8	71.4	70.3	78.5	88.6	 
41.3	55.1	49.4	34.8	83	66.9	 
39.1	41.4	37.5	19.4	62	66.6	 
38.5	43	34.9	24.3	54.3	87.3	 
34.2	52	49.7	36.5	41.2	101	 
36.9	82.1	84.1	63.8	95.2	NaN	 
49.6	87.1	89.6	92.6	102	NaN	 
];
x.IFMCs = x.IFMCs';
