function x = MTprofile_RMeright_12_24hr23_Feb_2012
%created: 12_24hr23_Feb_2012

x.BFs = [250   500  1000  2000  4000  8000];

x.LongTone = [14.6      11.2      10.8      18.5      37.8        69];
x.ShortTone = [15.3        13      13.1      33.7      49.9      85.7];

x.Gaps = [0.01      0.03      0.05      0.07      0.09];
x.TMCFreq = [250   500  1000  2000  4000  ];
x.TMC = [
37.8	44.8	33.9	31.16	59.07		 
55	60.6	39.5	49.94	58.14		 
86.4	82.3	55.3	60.84	66.43		 
NaN	92.1	73.7	57.41	74.75		 
NaN	102	78.9	38.04	78.26		 
];
x.TMC = x.TMC';

x.MaskerRatio = [0.5      0.7      0.9        1      1.1      1.3      1.6];
x.IFMCFreq = [250   500  1000  2000  4000  ];
x.IFMCs = [
47.2	68.8	71.4	69.71	77.9		 
41.3	55.1	49.4	73.72	83.94		 
39.1	41.4	37.5	48.32	63.19		 
38.5	43	34.9	33.55	54.3		 
34.2	52	49.7	41.67	63.47		 
36.9	82.1	84.1	86.16	95.86		 
49.6	87.1	89.6	93.45	103.26		 
];
x.IFMCs = x.IFMCs';
