function x = MTprofile17_30hr14_May_2012
%created: 17_30hr14_May_2012

x.BFs = [6000];

x.LongTone = [56.8];
x.ShortTone = [59.2];

x.Gaps = [0.01      0.03      0.05      0.07      0.09];
x.TMCFreq = [6000];
x.TMC = [
86.4	 
90.5	 
93.8	 
98.8	 
NaN	 
];
x.TMC = x.TMC';

x.MaskerRatio = [0.5      0.7      0.9        1      1.1      1.3      1.6];
x.IFMCFreq = [6000];
x.IFMCs = [
82.4	 
85.8	 
83.8	 
84	 
91.6	 
99.7	 
NaN	 
];
x.IFMCs = x.IFMCs';
