function x = MTprofile11_14hr26_Jul_2012
%created: 11_14hr26_Jul_2012

x.BFs = [1000];

x.LongTone = [-4.36];
x.ShortTone = [-1.67];

x.Gaps = [0.01      0.03      0.05      0.07      0.09];
x.TMCFreq = [1000];
x.TMC = [
21.3	 
46	 
62.4	 
79.3	 
93.2	 
];
x.TMC = x.TMC';

x.MaskerRatio = [0.5      0.7      0.9        1      1.1      1.3      1.6];
x.IFMCFreq = [1000];
x.IFMCs = [
55.3	 
20.4	 
6.63	 
23.2	 
60.3	 
66.7	 
75	 
];
x.IFMCs = x.IFMCs';
