function x = MTprofile10_43hr06_Dec_2012
%created: 10_43hr06_Dec_2012

x.BFs = [250   500  1000  2000  4000  8000];

x.LongTone = [14.2      11.9      10.9      20.2      39.9      70.8];
x.ShortTone = [15.5      12.2      12.9      33.2      44.7      85.5];

x.Gaps = [0.01      0.03      0.05      0.07      0.09];
x.TMCFreq = [250   500  1000  2000  4000  8000];
x.TMC = [
41	36.2	33.2	23.8	21	88.3	 
58	53.8	38.3	28	40.8	97.5	 
90.9	80.9	59.7	36.2	38.6	88.4	 
103	90.7	67.5	56.9	50.5	100	 
NaN	100	81.2	55.7	49	101	 
];
x.TMC = x.TMC';

x.MaskerRatio = [0.5      0.7      0.9        1      1.1      1.3      1.6];
x.IFMCFreq = [250   500  1000  2000  4000  8000];
x.IFMCs = [
49	68.5	71.9	71	71.8	89.1	 
44.4	47.5	54	43.6	78.1	62.3	 
36.1	35	30.3	26.7	38.4	71.4	 
42	35.7	31.5	25.8	36.7	93	 
33.3	38.5	47.7	26	32.8	103	 
36.2	58.8	85	82	47.5	NaN	 
51.3	87.3	89.7	90.1	99.6	NaN	 
];
x.IFMCs = x.IFMCs';
