function x = MTprofile_JHoleft_11_34hr25_Jan_2012
%created: 11_34hr25_Jan_2012

x.BFs = [250   500  1000  2000  4000];

x.LongTone = [66.6      63.2      61.1      60.3      66.3];
x.ShortTone = [68.2      66.4      63.6      62.9      68.9];

x.Gaps = [0.01      0.03      0.05      0.07      0.09];
x.TMCFreq = [250   500  1000  2000  4000];
x.TMC = [
93.2	92.6	90.1	83.5	85.6	 
99.3	97.2	95.3	86	87.7	 
102	101	98	90.9	90.4	 
NaN	NaN	100	96	93	 
NaN	NaN	NaN	98.2	96.3	 
];
x.TMC = x.TMC';

x.MaskerRatio = [0.5      0.7      0.9        1      1.1      1.3      1.6];
x.IFMCFreq = [250   500  1000  2000  4000];
x.IFMCs = [
93.6	94.3	85.4	76.9	78.2	 
92.3	93.5	85.9	80.5	81.2	 
91.5	92.8	87.9	82.5	83.6	 
93.6	92.8	87.5	83	86.3	 
92.6	92.9	87.7	84.3	88.3	 
92.8	92.9	88.3	84.9	91.9	 
91.7	92.2	89.1	90.8	98.3	 
];
x.IFMCs = x.IFMCs';
