function x = MTprofile_DPeleft_18_3hr24_Jan_2012
%created: 18_3hr24_Jan_2012

x.BFs = [250   500  1000  2000  3000];

x.LongTone = [36.7      16.4      31.4      65.9      72.9];
x.ShortTone = [41.6      22.2      44.6      72.1      77.4];

x.Gaps = [0.01      0.03      0.05      0.07      0.09];
x.TMCFreq = [250   500  1000  2000  3000];
x.TMC = [
57.8	36.1	34.8	86	92.1	 
59.2	46.3	57.7	88.6	95.2	 
65.2	49.9	60.6	89.9	100	 
71	63.4	66	97.4	NaN	 
75.1	78.7	67.2	102	NaN	 
];
x.TMC = x.TMC';

x.MaskerRatio = [0.5      0.7      0.9        1      1.1      1.3      1.6];
x.IFMCFreq = [250   500  1000  2000  3000];
x.IFMCs = [
61.4	64.2	69.3	89.3	91.4	 
63.8	49.2	44.1	88.7	93.2	 
52.2	37.8	33.9	85.7	93.2	 
55.1	37.1	44.3	87.5	91.6	 
50.9	47.3	58.9	90.6	97.1	 
38.1	47.4	55.7	98.4	NaN	 
29.9	85.2	92.8	106	NaN	 
];
x.IFMCs = x.IFMCs';
