function x = MTprofile13_56hr30_Jan_2012
%created: 13_56hr30_Jan_2012

x.BFs = [250   500  1000  2000  4000  6000  8000];

x.LongTone = [31.7      17.6      8.39      13.2        22      26.5      59.4];
x.ShortTone = [33.7      19.9      10.7      18.5      29.1      30.6      81.9];

x.Gaps = [0.01      0.03      0.05      0.07      0.09];
x.TMCFreq = [250   500  1000  2000  4000  6000  8000];
x.TMC = [
58	39.4	43.9	15.5	23.1	32.2	39.2	 
79.5	46.4	49	28.5	29.3	33.1	33	 
96.7	53.4	66.8	28.8	36.4	33.9	55.8	 
102	72.3	83.1	49.6	36.1	38	55.9	 
NaN	85.7	89.6	57.1	32.2	36.2	42.5	 
];
x.TMC = x.TMC';

x.MaskerRatio = [0.5      0.7      0.9        1      1.1      1.3      1.6];
x.IFMCFreq = [250   500  1000  2000  4000  6000  8000];
x.IFMCs = [
66.8	67.3	73.1	70.4	73	77.4	-11.8	 
63	63.5	55.6	64.1	38.8	82.3	13.5	 
56.7	43.5	40.9	27	23.6	30.5	17.3	 
60	37.6	36.5	16.7	23.3	29.4	20.3	 
55.8	31.7	47.4	27.2	25.3	37.5	47.4	 
52.7	33	84.4	85.8	38.9	55.7	42.3	 
60.4	56	90.4	92.9	97.8	101	22.9	 
];
x.IFMCs = x.IFMCs';
