function x = MTprofile_RMeright_12_28hr27_Jul_2012
%created: 12_28hr27_Jul_2012

x.BFs = [250   500  1000  2000  4000  8000];

x.LongTone = [14.7      11.1      7.08      2.07      1.82      11.2];
x.ShortTone = [16.3      12.6      9.78      12.7      14.4      22.7];

x.Gaps = [0.01      0.03      0.05      0.07      0.09];
x.TMCFreq = [250   500  1000  2000  4000  8000];
x.TMC = [
26.6	28.3	23.6	7.57	8.6	20.4	 
52.9	67.6	46.9	9.44	8.32	21.3	 
93.5	104	63.7	28.6	19.4	42.2	 
NaN	NaN	77.5	35.4	28.8	36.6	 
NaN	NaN	83.4	40	39.7	60.2	 
];
x.TMC = x.TMC';

x.MaskerRatio = [0.5      0.7      0.9        1      1.1      1.3      1.6];
x.IFMCFreq = [250   500  1000  2000  4000  8000];
x.IFMCs = [
46.3	45.9	58.9	67.7	63.5	54.4	 
31.7	33.5	42	31.6	56.3	7.18	 
26.7	28.2	28.8	2.62	19	0.863	 
26.6	28	27	-3.56	10.6	4.92	 
25.6	31.7	31.3	11.3	8.75	28.4	 
26.7	36.5	44.9	16.3	33.3	46.7	 
31.5	49.6	64.4	67.4	60.2	56.7	 
];
x.IFMCs = x.IFMCs';
