function x = MTprofile10_41hr25_Jan_2012
%created: 10_41hr25_Jan_2012

x.BFs = [250   500  1000  2000  4000  8000];

x.LongTone = [66.4      63.4      58.7      23.6      42.9        98];
x.ShortTone = [68.8      65.8      63.2      26.3      51.1       102];

x.Gaps = [0.01      0.03      0.05      0.07      0.09];
x.TMCFreq = [250   500  1000  2000  4000  8000];
x.TMC = [
93.6	87	83.4	44.7	47.1	NaN	 
99.8	93.1	90.8	64.1	61.3	NaN	 
103	96.8	94.5	71.2	48.6	NaN	 
NaN	99.8	96.6	81.7	44	NaN	 
NaN	101	99.1	85.3	55.4	NaN	 
];
x.TMC = x.TMC';

x.MaskerRatio = [0.5      0.7      0.9        1      1.1      1.3      1.6];
x.IFMCFreq = [250   500  1000  2000  4000  8000];
x.IFMCs = [
94.6	85.5	82.1	71.6	35.8	98.2	 
92.2	88.1	85	72.1	29	NaN	 
94.7	87.3	85.6	66.3	32.4	NaN	 
93.1	86.8	84.1	41.7	47.9	NaN	 
94.5	87.9	85.4	41	14.3	NaN	 
92.7	86.3	86.9	51.4	82.5	NaN	 
92	88.6	85.5	89.9	92.5	NaN	 
];
x.IFMCs = x.IFMCs';
