function x = MTprofile_RMeright_10_54hr10_Feb_2012
%created: 10_54hr10_Feb_2012

x.BFs = [4000];

x.LongTone = [3.14];
x.ShortTone = [14.2];

x.Gaps = [0.01      0.03      0.05      0.07      0.09];
x.TMCFreq = [4000];
x.TMC = [
15.5	 
25	 
27.5	 
32.5	 
34.4	 
];
x.TMC = x.TMC';

x.MaskerRatio = [0.5      0.7      0.9        1      1.1      1.3      1.6];
x.IFMCFreq = [4000];
x.IFMCs = [
54.4	 
53	 
8.82	 
8.57	 
6.06	 
35.7	 
74.4	 
];
x.IFMCs = x.IFMCs';
