function x = MTprofile_CWaleft_11_11hr11_Sep_2012
%created: 11_11hr11_Sep_2012

x.BFs = [250   500  1000  2000  4000  8000];

x.LongTone = [22.1      19.4      27.7      40.9      43.3      61.3];
x.ShortTone = [24.2      21.4      29.6      43.4      47.2      64.7];

x.Gaps = [0.01      0.03      0.05      0.07      0.09];
x.TMCFreq = [250   500  1000  2000  4000  8000];
x.TMC = [
34.8	33.6	53.2	67.2	67.5	78	 
42.8	37.8	80.2	73	77.7	81.5	 
67.1	77.9	82.2	80.4	81.9	84.1	 
96.3	91.5	88.5	86.6	86.1	85.7	 
101	95.5	94.5	NaN	88	97.6	 
];
x.TMC = x.TMC';

x.MaskerRatio = [0.5      0.7      0.9        1      1.1      1.3      1.6];
x.IFMCFreq = [250   500  1000  2000  4000  8000];
x.IFMCs = [
43.4	55.2	62	72.2	74.6	82.5	 
41	43.2	44.3	72.4	80.3	87.2	 
37.7	35.2	41.9	66.3	78	79	 
35.6	33.9	56.3	64.5	65.2	78.7	 
35.3	35	80.6	74.6	74.6	84.1	 
35.3	43.5	82.8	86	92.1	95.7	 
36.7	80.6	89.8	92.4	97.2	100	 
];
x.IFMCs = x.IFMCs';
