function x = MTprofile_RMeright_16_45hr27_Feb_2012
%created: 16_45hr27_Feb_2012

x.BFs = [250   500  1000  2000  4000];

x.LongTone = [13.9      1.59      7.87     -3.02       2.8];
x.ShortTone = [15.4      2.78      9.62      13.3      11.5];

x.Gaps = [0.01      0.03      0.05      0.07      0.09];
x.TMCFreq = [250   500  1000  2000  4000];
x.TMC = [
NaN	83.1	29.2	10.5	13.2	 
48.8	47.1	33.7	27.6	12.5	 
65	60.3	54.9	33.3	32.8	 
79.6	78.3	61.4	27.9	38.9	 
104	90.1	69.1	42.8	34.8	 
];
x.TMC = x.TMC';

x.MaskerRatio = [0.5      0.7      0.9        1      1.1      1.3      1.6];
x.IFMCFreq = [250   500  1000  2000  4000];
x.IFMCs = [
NaN	NaN	82.6	NaN	52.9	 
NaN	88.6	44.8	33	54.3	 
NaN	83.5	30.8	18.8	13.4	 
NaN	34	28.6	12.7	15.4	 
NaN	33.1	34.5	23.2	11.6	 
NaN	83.9	66.9	61.3	8.88	 
85.4	85.5	70.5	66.7	43.4	 
];
x.IFMCs = x.IFMCs';
