function x = MTprofile12_56hr04_Jul_2012
%created: 12_56hr04_Jul_2012

x.BFs = [250   500  1000  2000  4000  8000];

x.LongTone = [24.9      21.4      30.8      39.8      51.7      73.6];
x.ShortTone = [26.2      24.3        34      42.7      55.2      77.3];

x.Gaps = [0.01      0.03      0.05      0.07      0.09];
x.TMCFreq = [250   500  1000  2000  4000  8000];
x.TMC = [
37.9	36.9	51.7	66.2	67.2	92.2	 
47.7	53	76.9	78.4	78.3	95.7	 
92.1	78.7	81.9	82.2	83	98.7	 
96.4	92.5	93.7	85.5	85.5	98.4	 
99.6	97.1	99.4	91.3	91.2	NaN	 
];
x.TMC = x.TMC';

x.MaskerRatio = [0.5      0.7      0.9        1      1.1      1.3      1.6];
x.IFMCFreq = [250   500  1000  2000  4000  8000];
x.IFMCs = [
44.9	61.4	72.1	72	73.9	87.2	 
43	45.7	65.5	71.6	79.3	89.3	 
38.6	37.9	53.9	65.7	77.5	92.6	 
38	38.2	53	68.9	70.4	94.1	 
38.1	38.1	78.2	76.6	80.8	93.7	 
36.7	48.7	81.4	85	92.8	100	 
39.1	81.2	87.3	91.9	96.1	105	 
];
x.IFMCs = x.IFMCs';
