function x = MTprofile_RMeright_10_43hr06_Dec_2012
%created: 10_43hr06_Dec_2012

x.BFs = [250   500  1000  2000  4000  8000];

x.LongTone = [14.2      11.9      10.9      20.2      39.9      70.8];
x.ShortTone = [15.5      12.2      12.9      34.7      49.7      85.5];

x.Gaps = [0.01      0.03      0.05      0.07      0.09];
x.TMCFreq = [250   500  1000  2000  4000];
x.TMC = [
41	36.2	33.2	36.5	44.5	 
58	53.8	38.3	35.1	62.6	 
90.9	80.9	59.7	53.3	60.9	 
103	90.7	67.5	62.6	68.6	 
NaN	100	81.2	70.7	75.5	 
];
x.TMC = x.TMC';

x.MaskerRatio = [0.5      0.7      0.9        1      1.1      1.3      1.6];
x.IFMCFreq = [250   500  1000  2000  4000 ];
x.IFMCs = [
49	68.5	71.9	72.3	75.2	 
44.4	47.5	54	43.6	84.0	 
36.1	35	30.3	26.7	72.3	 
42	35.7	31.5	36.3	67.7	 
33.3	38.5	47.7	41.5	64.4	 
36.2	58.8	85	87.7	65.6	 
51.3	87.3	89.7	91.5	101.8	 
];
x.IFMCs = x.IFMCs';
