function x = MTprofile19_2hr25_Jan_2012
%created: 19_2hr25_Jan_2012

x.BFs = [250   500  1000  2000  4000  6000];

x.LongTone = [27.9      17.4         3      6.08        12      25.3];
x.ShortTone = [29.4        19      5.67      9.45      16.5      30.6];

x.Gaps = [0.01      0.03      0.05      0.07      0.09];
x.TMCFreq = [250   500  1000  2000  4000  6000];
x.TMC = [
42.4	37.5	23.5	41.3	38.1	40.2	 
47.6	45.4	39.5	57.6	47.1	50.3	 
91.4	58.2	74.7	67.2	57	70.8	 
97.6	84	90	75.4	72.4	76	 
101	91.1	96.5	87.5	75.3	84.2	 
];
x.TMC = x.TMC';

x.MaskerRatio = [0.5      0.7      0.9        1      1.1      1.3      1.6];
x.IFMCFreq = [250   500  1000  2000  4000  6000];
x.IFMCs = [
50.3	67.2	66.8	72.5	74.2	81	 
46.6	59.8	41.6	71.1	80.1	32.4	 
43.3	44.9	20.4	38.5	45.3	29.4	 
42.1	38.7	21.5	39.7	40	47	 
40.9	31.3	27.5	55.4	43.5	60.6	 
40.8	31.2	57.9	88.8	93.8	97.8	 
42.7	38.2	86.3	93.8	97.7	103	 
];
x.IFMCs = x.IFMCs';
