function x = MTprofile13_48hr30_Jan_2012
%created: 13_48hr30_Jan_2012

x.BFs = [250   500  1000  2000  4000  6000];

x.LongTone = [40.6      32.8      9.81      14.9      27.6      28.2];
x.ShortTone = [41.9        35      11.6      21.2      38.9      34.8];

x.Gaps = [0.01      0.03      0.05      0.07      0.09];
x.TMCFreq = [250   500  1000  2000  4000  6000];
x.TMC = [
64.8	50.2	29.4	16.2	37.7	32.5	 
76.9	55.5	44.2	16.5	50.6	39.4	 
96.4	65.7	57.5	36.8	54.8	48.3	 
103	69.2	70.3	20.2	48.7	47.4	 
106	83.5	82.4	43.2	60.6	58.4	 
];
x.TMC = x.TMC';

x.MaskerRatio = [0.5      0.7      0.9        1      1.1      1.3      1.6];
x.IFMCFreq = [250   500  1000  2000  4000  6000];
x.IFMCs = [
66.8	74.4	72.8	70.3	74.3	77.6	 
69.4	69.4	56.6	50	82.5	82.1	 
65.4	56.7	34.9	14.4	39.8	39.8	 
61.3	51.7	36	17.6	46.3	30.5	 
61.7	47.1	33.1	31.7	35.7	34.4	 
66.3	75.2	66.2	52	73	73.9	 
76.5	79.5	89.1	88.9	99.2	103	 
];
x.IFMCs = x.IFMCs';
