function x = MTprofile15_27hr07_Feb_2012
%created: 15_27hr07_Feb_2012

x.BFs = [250   500  1000  2000  4000  8000];

x.LongTone = [2.86       1.3    -0.179      4.09      9.38      13.4];
x.ShortTone = [6.88      4.38      3.86       6.1      12.6      18.2];

x.Gaps = [0.01      0.03      0.05      0.07      0.09];
x.TMCFreq = [250   500  1000  2000  4000  8000];
x.TMC = [
18.7	17	22.4	23.4	35.1	30.6	 
23.5	25.3	28.8	35.1	35.3	32.2	 
38.2	38	44.2	36.1	50.6	36.1	 
68	63.3	64.7	52.6	53.8	40.8	 
86.9	83.2	81.3	55.3	66.5	49.3	 
];
x.TMC = x.TMC';

x.MaskerRatio = [0.5      0.7      0.9        1      1.1      1.3      1.6];
x.IFMCFreq = [250   500  1000  2000  4000  8000];
x.IFMCs = [
28.6	43.5	62.9	64.1	67.3	73.4	 
24.7	29.1	42.8	63	73.1	76.6	 
20.2	22	23	28.9	37.7	28.2	 
19.5	19.5	24.6	27	34.5	29.8	 
18.6	21.3	25.3	33.8	35.1	36.1	 
19	32.7	74.8	78	86.3	58.9	 
21.8	76.4	80.3	83.4	89.4	92.8	 
];
x.IFMCs = x.IFMCs';
