function x = MTprofile13_2hr06_Aug_2012
%created: 13_2hr06_Aug_2012

x.BFs = [250   500  1000  2000  4000  8000];

x.LongTone = [12.1      7.79      2.09      4.87      12.3      63.8];
x.ShortTone = [13.4      9.91      7.55      16.3      18.9      78.5];

x.Gaps = [0.01      0.03      0.05      0.07      0.09];
x.TMCFreq = [250   500  1000  2000  4000  8000];
x.TMC = [
28.3	29.9	17.1	18.4	23.8	90.4	 
41.6	41.6	25.1	30	32.4	NaN	 
61.2	59.3	39.4	32.2	41.5	NaN	 
82	76.9	46.7	50.5	49.3	NaN	 
NaN	96.6	55	47.6	46	NaN	 
];
x.TMC = x.TMC';

x.MaskerRatio = [0.5      0.7      0.9        1      1.1      1.3      1.6];
x.IFMCFreq = [250   500  1000  2000  4000  8000];
x.IFMCs = [
NaN	55.4	55.3	60.6	53.1	38.3	 
36.6	35.4	31.9	47.8	53.1	70.7	 
28	26.6	12	21.1	24.5	NaN	 
28.6	26.1	13.8	25.2	24.2	87.5	 
25.6	27.8	20.6	27.1	25.6	NaN	 
27.8	38.9	41.2	52.4	55.6	NaN	 
38.6	59.2	58.7	65.5	78.3	NaN	 
];
x.IFMCs = x.IFMCs';
