function x = MTprofile_Normal_15_37hr02_Feb_2012
%created: 15_37hr02_Feb_2012

x.BFs = [1000];

x.LongTone = [5.03];
x.ShortTone = [13.6];

x.Gaps = [0.01      0.03      0.05      0.07      0.09];
x.TMCFreq = [1000];
x.TMC = [
14	 
16.2	 
30.7	 
50.7	 
69.6	 
];
x.TMC = x.TMC';

x.MaskerRatio = [0.5      0.7      0.9        1      1.1      1.3      1.6];
x.IFMCFreq = [1000];
x.IFMCs = [
60.7	 
34.8	 
15.9	 
12.9	 
14.1	 
19.6	 
50.8	 
];
x.IFMCs = x.IFMCs';
