function x = MTprofile19_41hr27_Jan_2012
%created: 19_41hr27_Jan_2012

x.BFs = [250   500  1000  2000  4000  6000  8000];

x.LongTone = [32.1      28.6      17.4      18.5      12.9      17.7      39.9];
x.ShortTone = [33.9      31.6      19.9      21.6      16.4      21.6      41.9];

x.Gaps = [0.01      0.03      0.05      0.07      0.09];
x.TMCFreq = [250   500  1000  2000  4000  6000  8000];
x.TMC = [
45.4	46.7	36.1	43.5	39.2	35.5	44.3	 
51	62.7	48.7	51.7	49.7	47.9	51.6	 
90.7	88.9	75.8	68.9	66.3	60.2	48.7	 
98.4	93.6	91.6	73	70.2	66.4	48.7	 
101	98.4	95.4	87.9	81.2	80.6	58.7	 
];
x.TMC = x.TMC';

x.MaskerRatio = [0.5      0.7      0.9        1      1.1      1.3      1.6];
x.IFMCFreq = [250   500  1000  2000  4000  6000  8000];
x.IFMCs = [
53.4	69.8	70	69.4	74.6	79.3	53.7	 
49.8	66.3	52.3	70.6	79.5	82.1	20.1	 
47.2	54.9	35.4	50.8	44.9	36	36.3	 
46.1	45.6	37.3	42.5	39.4	35.8	46.6	 
45.5	47	41.8	51.7	51.3	52.2	49.7	 
45.3	76.3	80.8	85	93.4	98	84.6	 
47.5	79.9	87.1	90.7	98.4	102	80.5	 
];
x.IFMCs = x.IFMCs';
