function x = MTprofile16_38hr23_Jan_2012
%created: 16_38hr23_Jan_2012

x.BFs = [250   500  1000  2000  4000  8000];

x.LongTone = [27.4      25.2      43.9      40.4      25.9      32.5];
x.ShortTone = [28.8      26.7      48.1      43.8      30.5      37.1];

x.Gaps = [0.01      0.03      0.05      0.07      0.09];
x.TMCFreq = [250   500  1000  2000  4000  8000];
x.TMC = [
41.2	38.6	47	66	55.8	49.7	 
44.1	49.3	49.6	76	56.9	59.2	 
65.2	81	48.3	78.9	71.2	58.8	 
93.3	91.5	76.2	83.4	83.6	85.1	 
99.2	95.2	45.2	95.4	86.4	85.9	 
];
x.TMC = x.TMC';

x.MaskerRatio = [0.5      0.7      0.9        1      1.1      1.3      1.6];
x.IFMCFreq = [250   500  1000  2000  4000  8000];
x.IFMCs = [
47.8	58.6	27.5	71.2	74.2	80.8	 
45.7	46.1	30.2	72.3	79.1	86.6	 
41.3	40.7	39.4	71.5	56.5	52.6	 
39.5	39	47.3	66.9	51.2	50.4	 
40.1	40.3	76.1	63.7	59.6	53.6	 
39.2	76.5	77.7	83.4	93.7	96.1	 
41.3	80.8	83.5	90.9	96.7	100	 
];
x.IFMCs = x.IFMCs';
