function x = profile_KBR_L									
x.Comments= {									
	};								
x.BFs= [   									
	250	500	1000	2000	4000	6000	8000		
	];								
x.LongTone= [ 									
	31.94	30.01	34.59	40.59	45.88	58.44	75.52		
	];								
x.ShortTone= [ 									
	33.83	31.65	36.79	44.03	47.64	59.83	77.85		
	];								
x.IFMCFreq= [									
	250	500	1000	2000	4000	6000	8000		
	];								
x.MaskerRatio=[    									
	0.5	0.7	0.9	1	1.1	1.3	1.6		
	];								
x.IFMCs=[									
	NaN	NaN	NaN	NaN	NaN	NaN	53.66		
	45.93	49.66	51.97	58.28	58.22	64.31	66.30		
	44.74	44.23	46.07	50.02	57.45	58.42	83.81		
	47.75	41.43	46.91	46.15	52.68	63.00	87.89		
	45.53	41.23	50.96	45.99	55.78	65.00	NaN		
	47.92	45.57	69.90	81.67	52.90	73.54	83.23		
	NaN	NaN	NaN	NaN	NaN	NaN	81.35		
	];								
x.IFMCs= x.IFMCs';									
x.Gaps= [									
	0.01	0.02	0.03	0.04	0.05	0.06	0.07	0.08	0.09
	];								
x.TMCFreq= [									
	250	500	1000	2000	4000	6000	8000		
	];								
x.TMC= [									
	NaN	NaN	NaN	NaN	NaN	NaN	NaN		
	50.61	43.31	53.50	53.24	63.92	72.56	NaN		
	NaN	NaN	NaN	NaN	NaN	NaN	NaN		
	NaN	NaN	NaN	NaN	NaN	NaN	NaN		
	73.94	54.99	70.83	69.00	80.01	84.66	NaN		
	NaN	NaN	NaN	NaN	NaN	NaN	NaN		
	NaN	NaN	NaN	NaN	NaN	NaN	NaN		
	76.31	75.26	83.44	84.54	90.61	92.27	NaN		
	NaN	NaN	NaN	NaN	NaN	NaN	NaN		
	];								
x.TMC = x.TMC';									
