function x = MTprofile14_2hr19_Sep_2011
%created: 14_2hr19_Sep_2011

x.BFs = [250   500  1000  2000  4000  8000];

x.LongTone = [11.1      6.81       2.7      4.21      6.98      14.8];
x.ShortTone = [14.1      12.1      8.98      8.03      14.3      18.7];

x.Gaps = [0.01      0.03      0.05      0.07      0.09];
x.TMCFreq = [250   500  1000  2000  4000  8000];
x.TMC = [
27.6	35	54.3	58.5	27.8	22.5	 
33	48.5	69.1	67.3	48.6	26.8	 
39.9	68.9	93.9	80.4	59.5	24.1	 
56.8	82.6	NaN	NaN	62.9	31.5	 
73.5	NaN	NaN	NaN	77.3	32.5	 
];
x.TMC = x.TMC';

x.MaskerRatio = [0.5      0.7      0.9        1      1.1      1.3      1.6];
x.IFMCFreq = [250   500  1000  2000  4000  8000];
x.IFMCs = [
33.5	66.3	74	71.8	67.5	64.3	 
29.4	54.9	68.2	73.2	72.2	40.8	 
27.3	38.8	54.2	65.1	35.2	25.3	 
23.6	35.1	49.2	62.6	29.2	22.3	 
23.5	30.1	55.7	63.1	30.1	25.2	 
26.4	34.8	76.3	80.3	47.1	39.3	 
28.2	56.3	84.3	88.8	90.6	60.3	 
];
x.IFMCs = x.IFMCs';
