function x = MTprofile_ARaleft_17_1hr16_Jan_2012a
%created: 17_32hr16_Jan_2012

x.BFs = [250   500  1000  2000  4000  8000];

x.LongTone = [12.6       9.8      42.7      34.8      18.1      23.7];
x.ShortTone = [14.5        13        46        38      21.9      28.8];

x.Gaps = [0.01      0.03      0.05      0.07      0.09];
x.TMCFreq = [250   500  1000  2000  4000  8000];
x.TMC = [
24.5	24.2	62.2	61.6	36.2	41.5	 
36.1	43	73.9	63.6	50.4	44	 
81	84.7	86	73.4	64	44.7	 
94.7	88.2	91.3	82.4	72.9	61.1	 
97.3	89.9	94.1	91.3	80.8	84.7	 
];
x.TMC = x.TMC';

x.MaskerRatio = [0.5      0.7      0.9        1      1.1      1.3      1.6];
x.IFMCFreq = [250   500  1000  2000  4000  8000];
x.IFMCs = [
28.8	56.7	75.7	70.5	72.9	82.2	 
29.1	34.8	72.8	72.6	81.2	88.6	 
26.1	31.6	62.5	62.5	43.9	46.1	 
24.5	24.6	60.7	62	36.3	40	 
24.2	25.8	62.5	60.3	41.4	41.1	 
26.3	32.9	76.6	82.1	54.9	66.5	 
27.2	51.4	87.3	90.9	98.2	102	 
];
x.IFMCs = x.IFMCs';
