function x = MTprofile16_6hr28_Nov_2011
%created: 16_6hr28_Nov_2011

x.BFs = [250   500  1000  2000  4000  8000];

x.LongTone = [40.7      40.2      25.4      9.66      18.2      43.9];
x.ShortTone = [47.3      44.1      30.5      15.4      24.5      52.6];

x.Gaps = [0.01      0.03      0.05      0.07      0.09];
x.TMCFreq = [250   500  1000  2000  4000  8000];
x.TMC = [
60	54.7	43	28.9	40.5	69.2	 
63.9	63.7	50.8	38.8	44.6	78.5	 
70.8	88.4	59.2	46.4	50.6	91	 
82.3	89.4	65.1	51.5	55.5	93.2	 
93.6	97.8	69.8	55.4	60.1	NaN	 
];
x.TMC = x.TMC';

x.MaskerRatio = [0.5      0.7      0.9        1      1.1      1.3      1.6];
x.IFMCFreq = [250   500  1000  2000  4000  8000];
x.IFMCs = [
NaN	65.9	97.6	62	47.9	54.2	 
NaN	62.5	60.3	50.2	54.4	64	 
65.2	56.4	45.6	32.8	43.4	59.3	 
61.7	56.1	45.1	28.6	36.6	65.8	 
60.5	53.1	40.6	27.9	41	87.5	 
64.2	51.8	46.5	44.7	56.1	NaN	 
69.9	63.3	58.5	58.1	NaN	NaN	 
];
x.IFMCs = x.IFMCs';
