function x = MTprofile11_50hr20_Dec_2011
%created: 11_50hr20_Dec_2011

x.BFs = [250   500  1000  2000  4000  8000];

x.LongTone = [65.1      59.2      59.1      62.7      68.5      73.1];
x.ShortTone = [66.5      61.2      60.6      63.8      71.7      78.6];

x.Gaps = [0.01      0.03      0.05      0.07      0.09];
x.TMCFreq = [250   500  1000  2000  4000  8000];
x.TMC = [
87.4	82.6	81.6	81.4	86.5	94.2	 
94.5	89.9	88.5	83.6	88.7	96.9	 
97.1	92.4	91.5	88.4	91.9	98.7	 
101	95	93.6	92.2	95.8	NaN	 
105	98	96.7	95.6	99.6	NaN	 
];
x.TMC = x.TMC';

x.MaskerRatio = [0.5      0.7      0.9        1      1.1      1.3      1.6];
x.IFMCFreq = [250   500  1000  2000  4000  8000];
x.IFMCs = [
93	86.3	80.4	73.6	78.9	88.1	 
90.3	86.7	79.7	75.4	83.3	90.9	 
85.7	83.3	79	78.7	85	92.4	 
85.7	80.1	79.8	80.1	85.9	93.1	 
82.5	81.5	81.1	82.4	89.1	96	 
82.8	81.4	85.3	87.5	91.4	100	 
84.7	87.4	90.7	94.2	98	NaN	 
];
x.IFMCs = x.IFMCs';
