function x = MTprofile14_54hr10_Jan_2012
%created: 14_54hr10_Jan_2012

x.BFs = [250   500  1000  2000  4000  8000];

x.LongTone = [16.3      11.6      12.4      12.5      17.1      25.4];
x.ShortTone = [16.9      11.8      13.2      13.8      21.9      28.3];

x.Gaps = [0.01      0.03      0.05      0.07      0.09];
x.TMCFreq = [250   500  1000  2000  4000  8000];
x.TMC = [
25.2	21.3	22.2	22.3	29.7	39.1	 
31.6	27.8	31.7	29.4	46.4	51.2	 
40.2	37.7	48.8	39.1	61.7	58.8	 
60.3	74.6	82.7	59.2	74.1	71.1	 
90.5	102	NaN	89.2	90.3	79	 
];
x.TMC = x.TMC';

x.MaskerRatio = [0.5      0.7      0.9        1      1.1      1.3      1.6];
x.IFMCFreq = [250   500  1000  2000  4000  8000];
x.IFMCs = [
NaN	47.7	40.8	39.7	62.4	45.5	 
NaN	34.3	31.8	30.4	42.6	48	 
27.3	21.7	22.9	20	30.8	38.6	 
25.2	22.2	22.3	19.9	33.5	40.4	 
23	21.5	21.9	21.1	33.2	43.3	 
26.1	27.5	31.3	31.1	43.3	69.4	 
31.7	40.8	59.2	47.8	50.3	NaN	 
];
x.IFMCs = x.IFMCs';
