function x = MTprofile16_50hr05_Dec_2011
%created: 16_50hr05_Dec_2011

x.BFs = [250   500  1000  2000  4000  6000  8000];

x.LongTone = [61.2      54.5      52.4      55.3      63.9      82.3      90.8];
x.ShortTone = [62.8      56.7      55.3      58.5      67.6      85.2        94];

x.Gaps = [0.01      0.03      0.05      0.07      0.09];
x.TMCFreq = [250   500  1000  2000  4000  6000  8000];
x.TMC = [
79.4	73.6	74.4	73.9	80.7	99	NaN	 
87.9	84.5	81.6	80.5	84.8	NaN	NaN	 
95.4	89.7	89.9	82.7	89.4	104	NaN	 
97.7	92.4	92.5	90.6	92.7	NaN	NaN	 
100	93.4	94.7	94.9	96.7	NaN	NaN	 
];
x.TMC = x.TMC';

x.MaskerRatio = [0.5      0.7      0.9        1      1.1      1.3      1.6];
x.IFMCFreq = [250   500  1000  2000  4000  6000  8000];
x.IFMCs = [
81.7	80.4	78.1	71.3	76.9	83.9	82.7	 
78.6	74.8	74.1	75.3	81.9	85.8	97	 
77.4	73.3	73.9	74.2	80.2	96.4	103	 
77.3	71.5	74.3	74.7	82.2	99.7	NaN	 
77.6	73.5	74.5	77.4	87.5	103	NaN	 
78.7	76.2	83.5	85.7	93.2	NaN	NaN	 
77.6	82.9	90.4	93.8	99.5	NaN	NaN	 
];
x.IFMCs = x.IFMCs';
