function x = MTprofile19_12hr25_Nov_2011
%created: 19_12hr25_Nov_2011

x.BFs = [250   500  1000  2000  4000  8000];

x.LongTone = [51.1      50.9      60.3      78.4      83.6      73.4];
x.ShortTone = [62.2      56.8        69      83.2      88.5      80.1];

x.Gaps = [0.01      0.03      0.05      0.07      0.09];
x.TMCFreq = [250   500  1000  2000  4000  8000];
x.TMC = [
60.4	58.5	72.7	99.7	NaN	90	 
63.5	61.8	80.1	102	NaN	92.1	 
76	67.7	76.7	NaN	NaN	95.7	 
91.1	76.2	84.8	NaN	NaN	97.7	 
75.2	80.1	88.2	NaN	NaN	NaN	 
];
x.TMC = x.TMC';

x.MaskerRatio = [0.5      0.7      0.9        1      1.1      1.3      1.6];
x.IFMCFreq = [250   500  1000  2000  4000  8000];
x.IFMCs = [
69.8	83	92.7	102	105	102	 
63.6	76	87	101	NaN	106	 
53.1	61.9	82.4	99.7	NaN	97	 
67.9	55.7	71.3	99.3	NaN	90.5	 
64.2	55.1	74.7	100	NaN	89.6	 
65.7	80.1	92.7	NaN	NaN	NaN	 
79.5	76.4	100	NaN	NaN	NaN	 
];
x.IFMCs = x.IFMCs';
