function x = MTprofile10_2hr07_Dec_2011
%created: 10_2hr07_Dec_2011

x.BFs = [250   500  1000  2000  4000  6000  8000];

x.LongTone = [12.4      9.76      9.01      11.7      17.8      20.5      35.4];
x.ShortTone = [14.8      12.4      11.9      14.4      22.4      25.6      39.3];

x.Gaps = [0.01      0.03      0.05      0.07      0.09];
x.TMCFreq = [250   500  1000  2000  4000  6000  8000];
x.TMC = [
26.7	24.1	32.4	34.2	45.7	36.2	53.9	 
34.8	40.5	51.8	51.1	57.7	43.1	69.6	 
78.2	74.2	67	64.1	53.9	45.9	59.8	 
95.5	85.8	86.3	67.5	70.6	76.6	90.1	 
97.6	91	87.4	80.3	78.6	71.4	85.3	 
];
x.TMC = x.TMC';

x.MaskerRatio = [0.5      0.7      0.9        1      1.1      1.3      1.6];
x.IFMCFreq = [250   500  1000  2000  4000  6000  8000];
x.IFMCs = [
30.4	56.1	72.2	71.1	73.9	77.8	81.4	 
27.3	34.8	50.4	68.8	79.1	82.9	34.8	 
27.8	25.5	32.8	37.1	43.8	50.1	40.8	 
24.9	24.6	33	30.6	47.6	35	49.8	 
24.7	23	32.9	47.3	42.8	39.7	78.3	 
24.9	25.8	51.2	60.8	64.3	55.8	99.1	 
28.9	41.5	86.1	91.3	98.1	100	104	 
];
x.IFMCs = x.IFMCs';
