function x = MTprofile17_11hr20_Dec_2011
%created: 17_11hr20_Dec_2011

x.BFs = [250   500  1000  2000  4000  8000];

x.LongTone = [16.7        12      13.4      14.1      21.4      26.2];
x.ShortTone = [18.9      12.5      13.9      16.7      24.4      29.6];

x.Gaps = [0.01      0.03      0.05      0.07      0.09];
x.TMCFreq = [250   500  1000  2000  4000  8000];
x.TMC = [
26.9	21.5	20.7	19.9	30	35.7	 
34.3	27.7	28.3	28.2	46.3	59.1	 
50.6	37.4	42.7	42.8	78.9	100	 
82.2	66.8	62.9	77.1	NaN	NaN	 
NaN	NaN	NaN	NaN	NaN	NaN	 
];
x.TMC = x.TMC';

x.MaskerRatio = [0.5      0.7      0.9        1      1.1      1.3      1.6];
x.IFMCFreq = [250   500  1000  2000  4000  8000];
x.IFMCs = [
NaN	50.2	37.8	46.7	68.4	58.6	 
NaN	32.8	27.7	30.5	43.1	47.9	 
32.3	22.7	20.2	22.2	31.2	39.3	 
27.9	21.1	21.8	21.1	29.8	36.8	 
25.3	21.9	22.6	22	32.4	41.4	 
26.7	27.5	27.9	29.3	40.1	53.2	 
32.4	42.4	48.7	53.8	83.8	83.9	 
];
x.IFMCs = x.IFMCs';
