function x = MTprofile11_6hr08_Dec_2011
%created: 11_6hr08_Dec_2011

x.BFs = [250   500  1000  2000  3000  4000  6000  8000];

x.LongTone = [13.8      11.9      11.4      15.6      38.6      31.3      33.8      98.9];
x.ShortTone = [15.1      13.4      13.7        40      50.6      49.7      44.2       101];

x.Gaps = [0.01      0.03      0.05      0.07      0.09];
x.TMCFreq = [250   500  1000  2000  3000  4000  6000  8000];
x.TMC = [
26.3	34.4	23.5	33.4	43.9	53.2	35.1	NaN	 
44.9	48.2	26	50.5	52.4	52.6	51.1	NaN	 
73.9	73.5	51.3	51	60.5	57.8	35	NaN	 
99	86.4	58.5	65.9	57.2	66.7	40.5	NaN	 
102	95	72.5	77.8	59.4	69.1	57.1	NaN	 
];
x.TMC = x.TMC';

x.MaskerRatio = [0.5      0.7      0.9        1      1.1      1.3      1.6];
x.IFMCFreq = [250   500  1000  2000  3000  4000  6000  8000];
x.IFMCs = [
31.9	64.1	71.6	71	71.7	75.8	81.3	NaN	 
33.3	51.8	48.8	59.4	76.7	82.6	86.2	NaN	 
28.6	39.6	26.9	39.8	60.6	59.5	39.1	NaN	 
26.3	39.2	22.9	38.3	37.5	45.1	43.7	NaN	 
31.6	32.2	25	35	48.7	49.3	47.1	NaN	 
27.1	48.4	47	55.7	67.9	90.2	70.6	NaN	 
34.7	81.4	88	93.6	97.9	98.7	105	NaN	 
];
x.IFMCs = x.IFMCs';
