function x = MTprofile14_52hr01_Dec_2011
%created: 14_52hr01_Dec_2011

x.BFs = [250   500  1000  2000  3000  4000  6000];

x.LongTone = [17      14.1      15.2      47.7      59.1      60.3      64.7];
x.ShortTone = [17.4      16.1      22.2      59.6      68.4      66.7      71.2];

x.Gaps = [0.01      0.03      0.05      0.07      0.09];
x.TMCFreq = [250   500  1000  2000  3000  4000  6000];
x.TMC = [
25.9	28.9	11.4	66	78.8	74.2	69.9	 
33.7	38	23.6	67.1	83.6	79.2	82.3	 
44.4	60.6	27.7	67.4	83.3	83	79.6	 
64.3	65.8	42.8	75.1	85.5	87.2	75.9	 
78.1	67	32.2	81.3	86.4	88.4	86.5	 
];
x.TMC = x.TMC';

x.MaskerRatio = [0.5      0.7      0.9        1      1.1      1.3      1.6];
x.IFMCFreq = [250   500  1000  2000  3000  4000  6000];
x.IFMCs = [
33.5	59.9	65.4	77.8	82.7	86.5	87.6	 
28	45.8	44	79.7	86	89	90.9	 
26	38.1	21.8	66.1	84.7	84.6	67.8	 
28.2	29.5	14	65.4	77.5	78.7	75.4	 
26.7	31.1	15.4	71.3	79.9	78.4	94.4	 
28.2	43.5	20.7	88.4	94.6	100	104	 
36.3	80.7	83.4	98.4	103	105	NaN	 
];
x.IFMCs = x.IFMCs';
