function x = MTprofile16_3hr13_Sep_2011
%created: 16_3hr13_Sep_2011

x.BFs = [1000];

x.LongTone = [8.59];
x.ShortTone = [12.7];

x.Gaps = [0.01      0.03      0.05      0.07      0.09];
x.TMCFreq = [1000];
x.TMC = [
40.7	 
42	 
51.2	 
60.8	 
62.9	 
];
x.TMC = x.TMC';

x.MaskerRatio = [0.5      0.7      0.9        1      1.1      1.3      1.6];
x.IFMCFreq = [1000];
x.IFMCs = [
69	 
49.1	 
41.4	 
36.4	 
41.1	 
48.9	 
63.6	 
];
x.IFMCs = x.IFMCs';
