function x = MTprofile19_23hr01_Dec_2011
%created: 19_23hr01_Dec_2011

x.BFs = [250   500  1000  1500  2000  3000  4000];

x.LongTone = [32.2      14.2      23.1      37.5      52.8      65.5      63.8];
x.ShortTone = [37.2      15.5      31.6      43.1        62        69      72.8];

x.Gaps = [0.01      0.03      0.05      0.07      0.09];
x.TMCFreq = [250   500  1000  1500  2000  3000  4000];
x.TMC = [
48.4	30.4	30.8	26.4	69.4	80.5	81.7	 
51.5	38.1	36.6	32.7	72.7	84.8	84.9	 
61.3	60.1	42.9	32.8	74.2	84	89.2	 
64	66.1	49.7	42.4	75	89.6	89.4	 
74.7	75	54.9	51.6	79.7	90	92.9	 
];
x.TMC = x.TMC';

x.MaskerRatio = [0.5      0.7      0.9        1      1.1      1.3      1.6];
x.IFMCFreq = [250   500  1000  1500  2000  3000  4000];
x.IFMCs = [
64.7	64.6	71.6	71.3	76.5	84.5	88.2	 
56.6	47.6	50	40.6	78.3	87	91.1	 
54.9	36.7	34.8	22	72.7	85.2	81	 
53.1	31	30.1	23	71.5	78.9	81.9	 
48.7	32.5	27.5	29.1	72.7	86.9	93	 
39.3	44.8	79.3	82.3	90	99.3	103	 
30.4	84.1	87.8	92.6	98.4	106	NaN	 
];
x.IFMCs = x.IFMCs';
