function x = MTprofile16_3hr06_Dec_2011
%created: 16_3hr06_Dec_2011

x.BFs = [250   500  1000  2000  4000  6000  8000];

x.LongTone = [16.2      14.4      14.7      50.6      60.5        57      67.2];
x.ShortTone = [17.7        17      22.1      59.2      67.2      64.3        75];

x.Gaps = [0.01      0.03      0.05      0.07      0.09];
x.TMCFreq = [250   500  1000  2000  4000  6000  8000];
x.TMC = [
26.9	28.2	16.7	67.8	78.2	67.2	84.6	 
37.8	43.3	26.6	70.2	79.7	70.5	85.4	 
51	63.8	28.8	69.2	84.1	76.7	84.7	 
69.8	73.9	24.2	77.5	81.5	79.9	94.3	 
93.7	77.2	28.9	75.2	88.6	79.9	92.8	 
];
x.TMC = x.TMC';

x.MaskerRatio = [0.5      0.7      0.9        1      1.1      1.3      1.6];
x.IFMCFreq = [250   500  1000  2000  4000  6000  8000];
x.IFMCs = [
31.1	66.7	51.8	75.5	85.7	86.6	92.2	 
28.6	46.9	41.6	80.4	89.3	90.4	92.8	 
28.4	40.3	19.5	69.5	85.6	82.6	67.5	 
28.4	30.6	13.4	65.2	78.1	68.2	84	 
27.5	26.5	26.7	68.1	79.4	68.8	99.2	 
33.9	37.7	29.5	87	99.6	94.8	NaN	 
34.4	82.4	84.8	97.2	106	NaN	NaN	 
];
x.IFMCs = x.IFMCs';
