function x = MTprofile18_4hr25_Nov_2011
%created: 18_4hr25_Nov_2011

x.BFs = [250   500  1000  2000  4000  8000];

x.LongTone = [73.3      63.8      61.1      63.2      35.2      75.1];
x.ShortTone = [77.3      71.8      67.8      67.8      73.8      79.8];

x.Gaps = [0.01      0.03      0.05      0.07      0.09];
x.TMCFreq = [250   500  1000  2000  4000  8000];
x.TMC = [
99.3	95.1	92.6	89.4	92.3	98.2	 
NaN	NaN	101	92.5	96	99.5	 
NaN	NaN	NaN	96.7	97.1	NaN	 
NaN	NaN	NaN	NaN	NaN	NaN	 
NaN	NaN	NaN	NaN	NaN	NaN	 
];
x.TMC = x.TMC';

x.MaskerRatio = [0.5      0.7      0.9        1      1.1      1.3      1.6];
x.IFMCFreq = [250   500  1000  2000  4000  8000];
x.IFMCs = [
104	98.7	95.6	86.6	87.1	92.7	 
100	98.4	90.2	87.2	90.2	96.7	 
99.2	94.7	89.9	89.2	91.3	97.9	 
99.3	91.7	91.1	88.5	92.7	99	 
97.8	92	91.4	90.2	94.4	99.7	 
94.9	92.4	93.5	95.5	100	104	 
93.1	96.3	NaN	102	104	NaN	 
];
x.IFMCs = x.IFMCs';
