function x = MTprofile16_41hr25_Nov_2011
%created: 16_41hr25_Nov_2011

x.BFs = [250   500  1000  2000  4000  8000];

x.LongTone = [9.85       8.3      1.67      2.92      2.35      12.6];
x.ShortTone = [14.2      12.1      6.99      7.87      12.6      18.3];

x.Gaps = [0.01      0.03      0.05      0.07      0.09];
x.TMCFreq = [250   500  1000  2000  4000  8000];
x.TMC = [
27.9	26.9	18.8	21.7	26.2	30.2	 
32.7	33.3	25.6	44.7	33.7	32	 
40.3	50.9	41.5	56.3	47.3	37.3	 
60.1	70.5	62.9	73.8	66.9	51.2	 
69.6	NaN	82.9	84.8	72.2	54.3	 
];
x.TMC = x.TMC';

x.MaskerRatio = [0.5      0.7      0.9        1      1.1      1.3      1.6];
x.IFMCFreq = [250   500  1000  2000  4000  8000];
x.IFMCs = [
33.4	61.6	73.2	79.4	79	81.7	 
32.2	45.4	42.7	61.4	60.9	57.4	 
24.9	30.6	23.2	23.3	26.1	33.8	 
26.1	26.1	17.6	19.6	25.8	30.1	 
27.9	24.4	16.4	21.4	29	33.2	 
25.1	25.7	23.4	49.2	42.7	48.1	 
30.8	39.8	55.8	95.6	101	87.1	 
];
x.IFMCs = x.IFMCs';
