function x = MTprofile18_34hr20_Dec_2011
%created: 18_34hr20_Dec_2011

x.BFs = [250   500  1000  2000  4000  8000];

x.LongTone = [16.8      10.3      13.2      14.4      20.8      25.4];
x.ShortTone = [19.3      13.3      13.7      16.2      24.4      29.7];

x.Gaps = [0.01      0.03      0.05      0.07      0.09];
x.TMCFreq = [250   500  1000  2000  4000  8000];
x.TMC = [
27.6	23.5	21.7	18.8	30.9	38.5	 
35.9	30	25.7	27.2	44	52.4	 
55.9	51.6	37.6	51.1	80.7	97.2	 
78.8	76.4	67.4	79.6	NaN	NaN	 
NaN	NaN	94.7	NaN	NaN	NaN	 
];
x.TMC = x.TMC';

x.MaskerRatio = [0.5      0.7      0.9        1      1.1      1.3      1.6];
x.IFMCFreq = [250   500  1000  2000  4000  8000];
x.IFMCs = [
NaN	51.7	36.1	44.4	65.4	59.9	 
NaN	34.1	28.8	29.7	44.8	43.7	 
33.4	23.6	19.9	21.2	30.2	41.2	 
37.1	23	19.3	18.7	30.2	37.8	 
24.9	23.7	21.9	20.8	32.6	40	 
27.2	27.6	27.9	30.3	41.6	64.5	 
33	43.5	52.1	50.1	82.6	88.1	 
];
x.IFMCs = x.IFMCs';
