function x = MTprofile10_8hr19_Sep_2011
%created: 10_8hr19_Sep_2011

x.BFs = [250   500  1000  2000  4000  8000];

x.LongTone = [9.74      6.49      2.15      3.84      6.77      13.7];
x.ShortTone = [14.8      12.1      8.89      7.94      14.8      19.4];

x.Gaps = [0.01      0.03      0.05      0.07      0.09];
x.TMCFreq = [250   500  1000  2000  4000  8000];
x.TMC = [
28.8	37.9	53.3	57.3	33.6	23.6	 
36	54.2	73.3	72.4	44.5	25.5	 
46.8	66.4	90	77.5	62.7	26	 
63.8	89.8	NaN	92.5	71.8	33.1	 
87	NaN	NaN	NaN	80.2	37.4	 
];
x.TMC = x.TMC';

x.MaskerRatio = [0.5      0.7      0.9        1      1.1      1.3      1.6];
x.IFMCFreq = [250   500  1000  2000  4000  8000];
x.IFMCs = [
38.5	68.6	75.9	71.7	67.2	64.5	 
33.7	52.5	67.2	74.1	73.6	43	 
30	42.6	51.2	64.6	50.6	25	 
30.1	39.2	54	57.6	31.6	26	 
26.6	33.5	57.3	64.9	28.1	29	 
29.1	42.6	72.4	82.3	54	38.3	 
31.7	70	84	90.6	92	70.6	 
];
x.IFMCs = x.IFMCs';
