function x = MTprofile16_59hr06_Dec_2011
%created: 16_59hr06_Dec_2011

x.BFs = [250   500  1000  2000  4000  6000  8000];

x.LongTone = [14.1      11.4      11.3      44.7      42.8      35.7      74.2];
x.ShortTone = [15.6      13.1      13.4      56.6      52.6      47.8      86.8];

x.Gaps = [0.01      0.03      0.05      0.07      0.09];
x.TMCFreq = [250   500  1000  2000  4000  6000  8000];
x.TMC = [
37.1	38.3	28.4	27.3	54.6	51.6	79.5	 
47.9	56.8	41.2	46.4	59.7	58.8	89	 
83	75	51.3	33.4	59.2	47.7	95.3	 
96	88.8	59.9	56.2	58.5	56.2	99.7	 
105	97.9	69.7	24.3	68.2	63.6	99.9	 
];
x.TMC = x.TMC';

x.MaskerRatio = [0.5      0.7      0.9        1      1.1      1.3      1.6];
x.IFMCFreq = [250   500  1000  2000  4000  6000  8000];
x.IFMCs = [
44.4	68.7	71	28.8	78.8	84.1	87.8	 
44.5	51.2	51	9.58	82.6	86.8	56.7	 
37.3	41.3	28.1	14.9	63.2	52	62.1	 
36	42.6	27.8	27.8	60	47	85.7	 
38.4	44.1	37.7	49.6	42.8	51.2	99.9	 
43.2	64.4	83.5	83.4	86.5	89.7	NaN	 
47.2	86.3	89.6	90.4	101	105	NaN	 
];
x.IFMCs = x.IFMCs';
