function x = MTprofile12_14hr08_Dec_2011
%created: 12_14hr08_Dec_2011

x.BFs = [250   500  1000  2000  4000  8000];

x.LongTone = [14.3      10.8      11.1      23.6      38.2       101];
x.ShortTone = [15.6      13.6      14.1      37.6      51.5       103];

x.Gaps = [0.01      0.03      0.05      0.07      0.09];
x.TMCFreq = [250   500  1000  2000  4000  8000];
x.TMC = [
29.7	35.2	24.6	33.9	51.1	NaN	 
45.3	57.1	32.1	29.4	57.3	NaN	 
82.8	78.1	50.3	58.6	62.9	NaN	 
101	86.4	60.6	42.7	73.2	NaN	 
104	91.7	75.8	53.1	77.3	NaN	 
];
x.TMC = x.TMC';

x.MaskerRatio = [0.5      0.7      0.9        1      1.1      1.3      1.6];
x.IFMCFreq = [250   500  1000  2000  4000  8000];
x.IFMCs = [
36.5	65.3	71.9	71.6	78	NaN	 
31.1	51.8	43.8	44.9	84.8	NaN	 
29.1	39.6	27.4	20.4	63	NaN	 
32	32.8	26.8	16.9	55.2	NaN	 
30	35.7	21.3	23.5	56.1	NaN	 
35.6	39.3	43.6	50.8	91.4	NaN	 
46.3	82.5	86.5	91.8	101	NaN	 
];
x.IFMCs = x.IFMCs';
