function x = MTprofile13_39hr06_Dec_2011
%created: 13_39hr06_Dec_2011

x.BFs = [250   500  1000  2000  4000  6000  8000];

x.LongTone = [59.4      53.3      52.1        61      62.7      80.7      90.5];
x.ShortTone = [60.9      56.5        54      64.2      66.6      85.1      94.2];

x.Gaps = [0.01      0.03      0.05      0.07      0.09];
x.TMCFreq = [250   500  1000  2000  4000  6000  8000];
x.TMC = [
79	75.7	72	83.7	81.1	101	NaN	 
92.2	88.3	80.1	88	83.2	104	NaN	 
97.5	93.5	91.5	89.3	88.7	NaN	NaN	 
100	96.5	96	NaN	90.3	NaN	NaN	 
103	99.4	103	NaN	96	NaN	NaN	 
];
x.TMC = x.TMC';

x.MaskerRatio = [0.5      0.7      0.9        1      1.1      1.3      1.6];
x.IFMCFreq = [250   500  1000  2000  4000  6000  8000];
x.IFMCs = [
82.5	83.5	77.1	78	75.3	83.9	86.4	 
82.3	80.3	74.5	79.6	81.5	90	99.1	 
78.7	76.2	72.6	82.5	77.5	98.3	NaN	 
78.4	74.6	72	82.8	81.1	101	NaN	 
77	76	74.7	83.8	86.2	104	NaN	 
76.2	77.8	82.1	87.4	93.2	NaN	NaN	 
77	84.3	90.5	89.9	98	NaN	NaN	 
];
x.IFMCs = x.IFMCs';
