function x = MTprofile12_19hr01_Dec_2011
%created: 12_19hr01_Dec_2011

x.BFs = [250   500  1000  2000  4000  8000];

x.LongTone = [27.9      25.5        38      45.6      52.4      72.8];
x.ShortTone = [30.1      28.1      40.7      48.6      57.1      78.6];

x.Gaps = [0.01      0.03      0.05      0.07      0.09];
x.TMCFreq = [250   500  1000  2000  4000  8000];
x.TMC = [
40.6	40.5	57.7	66.5	71.8	93.2	 
48.5	64.8	69.3	72.7	78.2	91.1	 
89.9	81.6	83.5	80	83.9	94.2	 
94.7	86.4	89.7	85.6	83.3	98	 
98.1	91.5	93.1	91.2	91	98.5	 
];
x.TMC = x.TMC';

x.MaskerRatio = [0.5      0.7      0.9        1      1.1      1.3      1.6];
x.IFMCFreq = [250   500  1000  2000  4000  8000];
x.IFMCs = [
45.1	64.5	73.6	72	76.1	79.5	 
43.5	51.4	67.5	72.2	80.1	74.4	 
41.2	41	59.6	69.7	78.6	74.6	 
40.7	41.4	57.4	67.7	75.2	89.1	 
40.9	40.3	58	65.6	70.3	94.4	 
40.7	42.5	76.2	84	90.1	99.3	 
43.6	76.2	85.5	90.3	96.5	103	 
];
x.IFMCs = x.IFMCs';
