function x = MTprofile13_47hr02_Dec_2011
%created: 13_47hr02_Dec_2011

x.BFs = [250   500  1000  2000  2500  4000];

x.LongTone = [19.1      19.8      40.1      71.6      73.3      76.4];
x.ShortTone = [25.1      27.3      52.7      75.5      78.2      80.4];

x.Gaps = [0.01      0.03      0.05      0.07      0.09];
x.TMCFreq = [250   500  1000  2000  2500  4000];
x.TMC = [
23.3	36.2	42.1	89.5	92.4	94.2	 
31.6	41.5	62.4	91.9	96.3	96.2	 
33.7	45.1	66.2	NaN	104	NaN	 
45.1	54.4	63.2	NaN	NaN	NaN	 
54.2	60.5	76.9	NaN	NaN	NaN	 
];
x.TMC = x.TMC';

x.MaskerRatio = [0.5      0.7      0.9        1      1.1      1.3      1.6];
x.IFMCFreq = [250   500  1000  2000  2500  4000];
x.IFMCs = [
29.5	63.4	77.2	91.2	92.8	93.7	 
25.7	47	66.4	91.7	93.2	96.2	 
24.8	32.2	51.9	90.7	94.5	95.3	 
22.3	31.8	48.4	89.7	92.8	94.6	 
23.3	25.7	42.6	92.3	95.8	98.3	 
24.1	30.3	77.4	99.8	104	NaN	 
38.6	81.2	92.5	NaN	NaN	NaN	 
];
x.IFMCs = x.IFMCs';
