function x = MTprofile14_30hr30_Nov_2011
%created: 14_30hr30_Nov_2011

x.BFs = [250   500  1000  1500  2000  2500  3000];

x.LongTone = [44.9      21.6        47      79.4      74.5      76.8      78.3];
x.ShortTone = [49.4      27.7      56.4      82.8      77.6      81.1      82.4];

x.Gaps = [0.01      0.03      0.05      0.07      0.09];
x.TMCFreq = [250   500  1000  1500  2000  2500  3000];
x.TMC = [
58.9	30.6	55.9	NaN	94.2	98.7	98.6	 
64.2	44.1	61.6	NaN	98.6	NaN	NaN	 
70.2	43	63.8	NaN	NaN	NaN	NaN	 
69.9	54.8	72.5	NaN	NaN	NaN	NaN	 
72.1	66.1	76.6	NaN	NaN	NaN	NaN	 
];
x.TMC = x.TMC';

x.MaskerRatio = [0.5      0.7      0.9        1      1.1      1.3      1.6];
x.IFMCFreq = [250   500  1000  1500  2000  2500  3000];
x.IFMCs = [
65.1	58.2	75.9	101	93.5	95.2	94.6	 
64.5	46.9	54.8	101	93	96.8	97.8	 
55.5	34.7	48.3	103	94.1	96.9	97.2	 
55.6	35.7	50	NaN	93.5	100	97.6	 
49.3	36.4	71.1	NaN	96.9	103	102	 
45.4	56.5	85.9	NaN	105	NaN	NaN	 
39.3	85.2	92.9	NaN	NaN	NaN	NaN	 
];
x.IFMCs = x.IFMCs';
