function x = MTprofile13_2hr01_Dec_2011
%created: 13_2hr01_Dec_2011

x.BFs = [250   500  1000  2000  4000  8000];

x.LongTone = [18.1      20.4      21.5      13.2      23.9      59.2];
x.ShortTone = [22.3      21.6      23.2      17.7      29.8      66.6];

x.Gaps = [0.01      0.03      0.05      0.07      0.09];
x.TMCFreq = [250   500  1000  2000  4000  8000];
x.TMC = [
31.7	33.5	33.5	33.1	39.7	36.4	 
40.3	41.8	47.2	44.5	50	39.6	 
61	63.7	69.1	94	91.6	55.2	 
92.2	NaN	NaN	NaN	NaN	68.8	 
NaN	NaN	NaN	NaN	NaN	64.3	 
];
x.TMC = x.TMC';

x.MaskerRatio = [0.5      0.7      0.9        1      1.1      1.3      1.6];
x.IFMCFreq = [250   500  1000  2000  4000  8000];
x.IFMCs = [
57	58.3	75	76.4	62.8	46.2	 
NaN	40.8	53	53.3	66.9	31.1	 
35	31.7	33.7	34.5	39.2	33.6	 
31.8	33.3	35.5	33.3	39.9	40.5	 
32.2	30.5	28.7	34	45	69.7	 
34.3	28.5	37.5	56.9	77.6	55.7	 
45.7	52.3	67.4	NaN	NaN	68.3	 
];
x.IFMCs = x.IFMCs';
