function x = MTprofile12_6hr28_Nov_2011
%created: 12_8hr28_Nov_2011

x.BFs = [250   500  1000  2000  4000  8000];

x.LongTone = [11.4      3.84       2.5      2.66      6.67      13.9];
x.ShortTone = [15.2      11.7      7.85      8.46      13.7      17.9];

x.Gaps = [0.01      0.03      0.05      0.07      0.09];
x.TMCFreq = [250   500  1000  2000  4000  8000];
x.TMC = [
25.8	25.9	18.9	23.4	27.4	32.8	 
36.6	34.9	27.4	37	42.6	34.4	 
48.1	45.1	45.8	69.4	61.3	40.8	 
57.2	64.9	77	76.7	70	49.3	 
81.1	NaN	90.2	89.3	82.6	62.7	 
];
x.TMC = x.TMC';

x.MaskerRatio = [0.5      0.7      0.9        1      1.1      1.3      1.6];
x.IFMCFreq = [250   500  1000  2000  4000  8000];
x.IFMCs = [
34.6	60.5	77.8	80.4	79.6	78.7	 
31.5	43.7	48.5	64.9	85.2	53.3	 
27.5	27.2	25.7	27.6	31.3	35.3	 
29	24.7	18.3	20.5	26.8	30.5	 
31.2	22	18.7	23.6	31	30	 
26.3	25.3	30.6	36.3	45.7	46.1	 
36.2	37.3	62.8	96.8	102	78.9	 
];
x.IFMCs = x.IFMCs';
