function x = MTprofile12_49hr20_Dec_2011
%created: 12_49hr20_Dec_2011

x.BFs = [250   500  1000  2000  4000  8000];

x.LongTone = [14.2      10.7      8.47      11.6      18.8      25.8];
x.ShortTone = [18.6      13.3        12      16.8      24.6      29.4];

x.Gaps = [0.01      0.03      0.05      0.07      0.09];
x.TMCFreq = [250   500  1000  2000  4000  8000];
x.TMC = [
47.8	37	32.7	34	38.9	43.9	 
48.1	42.3	40	37.5	42.3	46.9	 
50.1	45.9	43.9	41.5	45.3	48.6	 
54.6	47.7	46.8	47.3	49.8	50.7	 
59.4	52	53.1	49.8	52.1	59.1	 
];
x.TMC = x.TMC';

x.MaskerRatio = [0.5      0.7      0.9        1      1.1      1.3      1.6];
x.IFMCFreq = [250   500  1000  2000  4000  8000];
x.IFMCs = [
NaN	39.5	30.3	26.1	33.3	38.6	 
NaN	38.6	31.6	29.3	35.7	39.8	 
50.6	38.7	32.9	32.7	39.1	46.3	 
42.4	35.2	33	33.2	40.4	42.9	 
NaN	36.1	33.3	36.4	44.4	46.1	 
40	37.8	38.1	39.6	47.2	60.3	 
40.4	42.1	43.8	50.1	58.2	82.2	 
];
x.IFMCs = x.IFMCs';
