function x = MTprofile17_35hr30_Nov_2011
%created: 17_35hr30_Nov_2011

x.BFs = [250   500  1000  2000  3000  4000];

x.LongTone = [16.1     0.878      23.2      24.8      36.6       103];
x.ShortTone = [23.2      6.34      28.4        27      39.8       104];

x.Gaps = [0.01      0.03      0.05      0.07      0.09];
x.TMCFreq = [250   500  1000  2000  3000  4000];
x.TMC = [
25.7	11.5	22.1	31.2	39.6	64.5	 
27.4	16.1	36.5	46.2	53.3	65.6	 
47.8	33	41.5	54.6	66.8	70.9	 
53.3	52.1	60.6	60.8	79	77.4	 
66	59.8	66.1	65.7	85.5	81.4	 
];
x.TMC = x.TMC';

x.MaskerRatio = [0.5      0.7      0.9        1      1.1      1.3      1.6];
x.IFMCFreq = [250   500  1000  2000  3000  4000];
x.IFMCs = [
NaN	40.8	NaN	78.3	61.3	39.2	 
51.8	17.7	26.6	53.6	47.8	45.4	 
29.9	16.2	21.5	35.9	41.5	56	 
17.9	15.5	22.1	34.2	35.8	62.9	 
23.5	10.6	19	38.3	41.1	73.3	 
17.1	22	43.9	49.2	61.9	94.3	 
2.82	65.4	60.1	66.9	84.6	NaN	 
];
x.IFMCs = x.IFMCs';
