function x = MTprofile13_12hr02_Dec_2011
%created: 13_12hr02_Dec_2011

x.BFs = [250   500  1000  2000  3000];

x.LongTone = [63.4        60      58.1      62.4        69];
x.ShortTone = [66.5      62.1      61.1      64.8      71.2];

x.Gaps = [0.01      0.03      0.05      0.07      0.09];
x.TMCFreq = [250   500  1000  2000  3000];
x.TMC = [
88.2	84.2	82.4	81.7	86.1	 
96.5	91.2	90.6	84.5	87.4	 
100	94.7	92.5	88.6	92.2	 
102	95.8	96.4	93.9	98	 
NaN	99.7	99	98.8	98.5	 
];
x.TMC = x.TMC';

x.MaskerRatio = [0.5      0.7      0.9        1      1.1      1.3      1.6];
x.IFMCFreq = [250   500  1000  2000  3000];
x.IFMCs = [
97.6	91	82	75.5	76.1	 
95.4	87.1	82	75.6	78.2	 
90.5	85.5	81.3	80.3	83.6	 
90.4	84.8	83.2	82.8	86.1	 
88.2	82.3	83.6	82.6	88.7	 
86.9	87.8	86.5	88.5	94.7	 
87	91.2	91.1	94.7	101	 
];
x.IFMCs = x.IFMCs';
