function x = MTprofile17_6hr06_Jan_2012
%created: 17_6hr06_Jan_2012

x.BFs = [250   500  1000  2000  4000  8000];

x.LongTone = [6.66      4.67      -2.1      14.3      9.05      2.06];
x.ShortTone = [10.8      7.46      5.31        21      17.9      15.9];

x.Gaps = [0.01      0.03      0.05      0.07      0.09];
x.TMCFreq = [250   500  1000  2000  4000  8000];
x.TMC = [
20	22.8	-0.884	5.66	8.68	14.6	 
26	32.7	21.4	26.6	23.9	25.9	 
34.4	33.6	5.84	31.2	34.7	39.7	 
45.3	64.3	20.6	30.4	43.8	63.6	 
70.5	NaN	24	55.7	70.6	67.5	 
];
x.TMC = x.TMC';

x.MaskerRatio = [0.5      0.7      0.9        1      1.1      1.3      1.6];
x.IFMCFreq = [250   500  1000  2000  4000  8000];
x.IFMCs = [
28.1	53.6	69.5	94.5	89.8	97.5	 
23.9	33.8	31.5	39.2	59.7	103	 
19.4	17.6	6.58	NaN	16.7	20.5	 
15.7	19	3.58	9.41	10.2	15.2	 
23.8	20.1	0.254	11	13.7	13	 
21.3	25.4	14.3	32.7	27.2	32.4	 
34.8	53.9	29.8	108	79.5	44.9	 
];
x.IFMCs = x.IFMCs';
