function x = MTprofile18_8hr29_Nov_2011
%created: 18_8hr29_Nov_2011

x.BFs = [250   500  1000  2000  4000  8000];

x.LongTone = [38.2      38.9      25.8      14.7      24.3      28.8];
x.ShortTone = [41.9      40.9      29.3        17      28.6      33.4];

x.Gaps = [0.01      0.03      0.05      0.07      0.09];
x.TMCFreq = [250   500  1000  2000  4000  8000];
x.TMC = [
55.8	66.7	48	35.3	43.6	43.4	 
66.1	69.9	60	40.8	48.8	47.4	 
85.4	93.8	86.9	46.9	53.8	51.4	 
100	101	98.5	57.9	58.2	63.2	 
NaN	104	104	62.6	68.3	67.9	 
];
x.TMC = x.TMC';

x.MaskerRatio = [0.5      0.7      0.9        1      1.1      1.3      1.6];
x.IFMCFreq = [250   500  1000  2000  4000  8000];
x.IFMCs = [
73.4	76.7	83.3	54.9	43.4	56.8	 
72.7	60.7	79.2	45.4	49.4	60.2	 
57.8	50	46.2	38.7	47	53.4	 
57.7	64.5	45.7	33	42	47.3	 
84	52.8	44.9	37.2	44.8	48	 
56.3	46.9	52.7	54.6	61.3	73	 
82.4	64.7	59.5	61.4	72.6	96.7	 
];
x.IFMCs = x.IFMCs';
