function x = MTprofile17_7hr20_Dec_2011
%created: 17_7hr20_Dec_2011

x.BFs = [250   500  1000  2000  4000  8000];

x.LongTone = [15.8      10.7      9.03      11.5      21.1      25.9];
x.ShortTone = [18.9      13.5      12.2      16.3        24      29.6];

x.Gaps = [0.01      0.03      0.05      0.07      0.09];
x.TMCFreq = [250   500  1000  2000  4000  8000];
x.TMC = [
46.4	28.8	25.6	40.8	46.4	55.4	 
64.2	62.8	54.1	75.3	89	94.7	 
102	NaN	89.3	99.9	95.1	NaN	 
NaN	NaN	NaN	NaN	NaN	NaN	 
NaN	NaN	NaN	NaN	NaN	NaN	 
];
x.TMC = x.TMC';

x.MaskerRatio = [0.5      0.7      0.9        1      1.1      1.3      1.6];
x.IFMCFreq = [250   500  1000  2000  4000  8000];
x.IFMCs = [
NaN	NaN	46.5	49.9	88.2	78.1	 
NaN	49.9	32.1	51.4	71	67.6	 
NaN	30.5	23.7	29.9	39.6	59.4	 
38.2	29.3	26.3	36.2	47.1	50.1	 
32.7	29.8	31.1	39.3	54.1	60.1	 
33	42	44.1	46.8	60	89.2	 
44.9	91.1	82.3	86	NaN	NaN	 
];
x.IFMCs = x.IFMCs';
