function x = MTprofile19_16hr30_Nov_2011
%created: 19_16hr30_Nov_2011

x.BFs = [250   500  1000  2000  4000  8000];

x.LongTone = [39.1      38.8      26.7      14.2      23.8      28.7];
x.ShortTone = [42.4      40.3      28.9      17.1      27.7      32.9];

x.Gaps = [0.01      0.03      0.05      0.07      0.09];
x.TMCFreq = [250   500  1000  2000  4000  8000];
x.TMC = [
46.2	45	37.6	29.1	34.5	37.9	 
54.2	55.5	51	42.4	47.2	50.1	 
63.8	65.5	66.8	88	58	79.3	 
88.2	95	NaN	NaN	85.4	NaN	 
NaN	NaN	NaN	NaN	NaN	NaN	 
];
x.TMC = x.TMC';

x.MaskerRatio = [0.5      0.7      0.9        1      1.1      1.3      1.6];
x.IFMCFreq = [250   500  1000  2000  4000  8000];
x.IFMCs = [
69.2	64.9	77.8	76.1	58.2	72.1	 
63.8	53.5	55.4	52	55.1	78.1	 
49.1	44	37.1	33.8	36.7	44.9	 
45.1	46.5	38.3	30.2	35.5	38.8	 
47.2	46.2	34.5	31.1	38.4	42.9	 
48.4	46.9	41.6	50.9	52.1	63.9	 
61.9	64.6	68.1	NaN	NaN	NaN	 
];
x.IFMCs = x.IFMCs';
