function x = MTprofile15_25hr06_Dec_2011
%created: 15_25hr06_Dec_2011

x.BFs = [250   500  1000  2000  4000  8000];

x.LongTone = [15.8      13.8      13.3      40.4      54.2      73.9];
x.ShortTone = [16.9      15.1      18.9      52.1      61.4      88.4];

x.Gaps = [0.01      0.03      0.05      0.07      0.09];
x.TMCFreq = [250   500  1000  2000  4000  8000];
x.TMC = [
27.6	30.9	18.8	43.9	66.8	101	 
45.9	37.9	22.8	56.2	70.5	99.1	 
55.8	60.9	33.6	64.6	67.9	100	 
87	76.4	33.6	64.2	78.7	NaN	 
94.9	81.6	30.4	69	78.7	NaN	 
];
x.TMC = x.TMC';

x.MaskerRatio = [0.5      0.7      0.9        1      1.1      1.3      1.6];
x.IFMCFreq = [250   500  1000  2000  4000  8000];
x.IFMCs = [
33.9	62.5	68	72	80.4	91.1	 
32.9	46.9	43.7	71.8	86.7	81.8	 
29.2	34	24.6	39.7	76.1	75.3	 
26.5	31.1	17.9	33.8	62.2	98.5	 
27.5	32.7	20	53.3	67.8	104	 
27	37.5	41.7	67.9	94.4	NaN	 
41.6	81	87.2	90.4	103	NaN	 
];
x.IFMCs = x.IFMCs';
