function x = MTprofile20_7hr20_Dec_2011
%created: 20_7hr20_Dec_2011

x.BFs = [250   500  1000  2000  4000  8000];

x.LongTone = [16      10.8      12.2      14.1      21.9      26.5];
x.ShortTone = [18.3      12.8      13.4        16        25      30.1];

x.Gaps = [0.01      0.03      0.05      0.07      0.09];
x.TMCFreq = [250   500  1000  2000  4000  8000];
x.TMC = [
29.1	22.6	22.6	22.3	29.4	40.5	 
38.5	30.7	32.8	31	52.3	50	 
55.5	54.2	60.1	55.6	81.9	64.7	 
89	91.9	88.3	91.9	102	81.3	 
NaN	NaN	NaN	NaN	NaN	88.4	 
];
x.TMC = x.TMC';

x.MaskerRatio = [0.5      0.7      0.9        1      1.1      1.3      1.6];
x.IFMCFreq = [250   500  1000  2000  4000  8000];
x.IFMCs = [
NaN	57	38.1	46	71.1	57.2	 
NaN	34.2	29.6	31	50.1	46.8	 
33.2	25.1	22	23.9	32.1	38.6	 
27.8	23.8	22.8	21.8	31.3	41.3	 
25.5	23.3	24.8	25.3	36.2	42.3	 
28.6	28.1	30.8	33.8	44	55.8	 
31.8	46.6	56.7	53.2	78.6	86.8	 
];
x.IFMCs = x.IFMCs';
