function x = MTprofile10_48hr21_Dec_2011
%created: 10_48hr21_Dec_2011

x.BFs = [250   500  1000  2000  4000  8000];

x.LongTone = [18.6      13.5        17      17.9      20.9      26.6];
x.ShortTone = [19.9      13.8        16        17        25      30.4];

x.Gaps = [0.01      0.03      0.05      0.07      0.09];
x.TMCFreq = [250   500  1000  2000  4000  8000];
x.TMC = [
33.4	28.1	29.9	25.1	38.1	48.5	 
54.5	45.7	56	55.8	76.8	64.7	 
98.7	89.4	90.6	77.3	99.1	74.1	 
NaN	NaN	NaN	NaN	NaN	85.6	 
NaN	NaN	NaN	NaN	NaN	100	 
];
x.TMC = x.TMC';

x.MaskerRatio = [0.5      0.7      0.9        1      1.1      1.3      1.6];
x.IFMCFreq = [250   500  1000  2000  4000  8000];
x.IFMCs = [
NaN	52.4	39.8	42.6	74.1	61.8	 
NaN	36.6	33.8	31.2	49.2	49	 
36.6	28.4	26.1	22.7	33.5	47.3	 
32.6	27.7	31.9	23.8	40.2	46.2	 
30.4	27.8	30.9	27.4	40.4	48.5	 
30.1	30.9	37.4	34.1	44.3	61.4	 
34.7	47.4	60.1	55.2	76.4	91.6	 
];
x.IFMCs = x.IFMCs';
