function x = MTprofile19_44hr29_Nov_2011
%created: 19_44hr29_Nov_2011

x.BFs = [250   500  1000  2000  4000  8000];

x.LongTone = [10.1      10.9        26      8.11      16.5      25.9];
x.ShortTone = [14.1      10.8      32.7      18.1      20.2      29.6];

x.Gaps = [0.01      0.03      0.05      0.07      0.09];
x.TMCFreq = [250   500  1000  2000  4000  8000];
x.TMC = [
25.5	24.4	23.3	6.21	39.6	29.4	 
37.6	37.5	47.1	12.6	47	36.5	 
58.6	62.8	83.5	26.3	62.3	31.9	 
95.4	NaN	11.8	21.4	67.3	42.7	 
NaN	NaN	30.3	38	NaN	61.8	 
];
x.TMC = x.TMC';

x.MaskerRatio = [0.5      0.7      0.9        1      1.1      1.3      1.6];
x.IFMCFreq = [250   500  1000  2000  4000  8000];
x.IFMCs = [
NaN	37.3	9.88	39	58.6	33.4	 
NaN	24	0.223	45.4	70.8	10.8	 
29.2	20.3	3.95	36.7	45.4	20.2	 
25.9	24.1	30	7.71	40.1	27.9	 
24.5	19	NaN	6.02	40	38.9	 
28.3	21	NaN	0.295	61.8	61.2	 
46	62.1	35.8	4.27	NaN	65.4	 
];
x.IFMCs = x.IFMCs';
