function x = MTprofile17_4hr06_Jan_2012
%created: 17_4hr06_Jan_2012

x.BFs = [250   500  1000  2000  4000  8000];

x.LongTone = [6.76      4.65    -0.854      9.19      9.17      5.13];
x.ShortTone = [11      7.77      4.63      20.7        20      15.4];

x.Gaps = [0.01      0.03      0.05      0.07      0.09];
x.TMCFreq = [250   500  1000  2000  4000  8000];
x.TMC = [
24	21.4	1.46	17.5	18.2	12.6	 
28.7	28.1	4.59	25.2	23.8	26.3	 
37.3	40.1	8.27	39.3	36.7	34.9	 
50.1	67.1	7.09	53	40.2	44.6	 
68.9	71.4	6.79	50.9	56.9	43.9	 
];
x.TMC = x.TMC';

x.MaskerRatio = [0.5      0.7      0.9        1      1.1      1.3      1.6];
x.IFMCFreq = [250   500  1000  2000  4000  8000];
x.IFMCs = [
26.7	53.2	65.9	58.6	57.3	54.5	 
24.2	32.9	32.4	39.6	46.8	54	 
15.9	20.5	7.22	18.3	26.4	19.4	 
18.7	18.5	-1.97	14.6	17	11.8	 
26.8	23.2	-9.02	16.2	26.1	13.7	 
21.2	24.9	2.2	34.3	38.8	30.1	 
36.9	65.8	27.3	58.6	74.8	53.4	 
];
x.IFMCs = x.IFMCs';
