function x = MTprofile13_45hr06_Dec_2011
%created: 13_45hr06_Dec_2011

x.BFs = [250   500  1000  2000  4000  8000];

x.LongTone = [12.3        11      9.13      11.7        19      42.8];
x.ShortTone = [13.7        12      12.5      14.9      22.2      47.7];

x.Gaps = [0.01      0.03      0.05      0.07      0.09];
x.TMCFreq = [250   500  1000  2000  4000  8000];
x.TMC = [
24.5	23.4	33.8	39.3	42.1	49.3	 
26.9	32.3	60.4	46.7	51.9	51.8	 
47.7	59	80.5	62.5	54	56.1	 
91.7	83.4	88.8	75.8	62.2	64.3	 
95.4	87.5	93.1	82	81.3	86.2	 
];
x.TMC = x.TMC';

x.MaskerRatio = [0.5      0.7      0.9        1      1.1      1.3      1.6];
x.IFMCFreq = [250   500  1000  2000  4000  8000];
x.IFMCs = [
28.6	49.1	72.9	70.9	72.7	40.2	 
25.8	34	55.3	70	79.2	22.7	 
25.3	25.6	41.4	40.6	38.9	36.7	 
23.6	23.7	29.9	36.5	35	46.2	 
23.4	22.6	32.5	41.9	40	65.2	 
23.5	23.6	62.7	65.2	75.1	94.9	 
25.8	42.7	87.8	92	96.8	82.9	 
];
x.IFMCs = x.IFMCs';
