function x = MTprofile16_39hr16_Dec_2011
%created: 16_39hr16_Dec_2011

x.BFs = [500];

x.LongTone = [52.1];
x.ShortTone = [63];

x.Gaps = [0.01      0.03      0.05      0.07      0.09];
x.TMCFreq = [500];
x.TMC = [
40.6	 
36.2	 
34.5	 
30.4	 
74.1	 
];
x.TMC = x.TMC';

x.MaskerRatio = [0.5      0.7      0.9        1      1.1      1.3      1.6];
x.IFMCFreq = [500];
x.IFMCs = [
33	 
29.6	 
43.8	 
32.7	 
43.7	 
55.5	 
88.3	 
];
x.IFMCs = x.IFMCs';
