function x = MTprofile17_21hr01_Dec_2011
%created: 17_21hr01_Dec_2011

x.BFs = [250   500  1000  2000  3000  4000  6000];

x.LongTone = [36      34.5      34.9      48.6      60.4        58      66.3];
x.ShortTone = [38.1      35.9      41.9      59.4      70.8      67.3      73.6];

x.Gaps = [0.01      0.03      0.05      0.07      0.09];
x.TMCFreq = [250   500  1000  2000  3000  4000  6000];
x.TMC = [
49.3	50.6	40.7	63.4	82.7	78.8	80	 
53	51.8	43.7	70.2	85.5	83.9	78.8	 
74.6	67.3	49.1	72.4	89.1	79.7	85.2	 
85.9	78.2	52.1	71.2	90	88	90.1	 
93.2	82.1	61	78.3	NaN	87.1	92.6	 
];
x.TMC = x.TMC';

x.MaskerRatio = [0.5      0.7      0.9        1      1.1      1.3      1.6];
x.IFMCFreq = [250   500  1000  2000  3000  4000  6000];
x.IFMCs = [
52.2	71.4	72.7	76.3	86	86.8	89.4	 
52.1	62.1	57.2	78.7	88.2	88.9	91.4	 
50.6	54.9	42.5	68.3	87.9	86.6	67.6	 
46.6	47.5	43	67.1	82.9	76.4	82.7	 
52.8	52.5	43.8	67.3	84.8	77.2	98.3	 
48.1	66.6	62.9	87.5	96.5	99.8	107	 
74.1	81.6	84.6	96.4	105	NaN	NaN	 
];
x.IFMCs = x.IFMCs';
