function x = MTprofile10_7hr07_Dec_2011
%created: 10_7hr07_Dec_2011

x.BFs = [250   500  1000  2000  3000  4000  6000];

x.LongTone = [68      65.2      64.4      64.6      68.8      44.7      86.5];
x.ShortTone = [70.1      67.1      65.9      67.4      72.4      50.5      89.5];

x.Gaps = [0.01      0.03      0.05      0.07      0.09];
x.TMCFreq = [250   500  1000  2000  3000  4000  6000];
x.TMC = [
94.5	89.5	88.9	83.4	86.4	67.8	105	 
100	95.5	93.3	88.7	89.6	68.8	NaN	 
103	98.7	97.4	92.4	95.8	73.6	NaN	 
NaN	100	100	97.2	96.2	81.8	NaN	 
NaN	NaN	103	102	NaN	88.4	NaN	 
];
x.TMC = x.TMC';

x.MaskerRatio = [0.5      0.7      0.9        1      1.1      1.3      1.6];
x.IFMCFreq = [250   500  1000  2000  3000  4000  6000];
x.IFMCs = [
94.5	92.6	81.6	78.8	81.6	73.3	91	 
94.4	91.8	87.1	80.3	84.9	77.7	88.5	 
95.2	88	87.3	83.4	86.1	70.9	103	 
95.2	89.5	86.5	84.1	87.1	61.2	105	 
94.8	89.4	86.6	86.2	86.6	65.7	NaN	 
92.9	89.2	88.7	87.3	82.9	89.9	NaN	 
93.1	89.9	87.2	87.7	91.2	95.8	NaN	 
];
x.IFMCs = x.IFMCs';
