function x = MTprofile11_16hr07_Dec_2011
%created: 11_16hr07_Dec_2011

x.BFs = [250   500  1000  2000  4000];

x.LongTone = [68.9      64.9      62.5      59.8      68.9];
x.ShortTone = [71.2      67.8        65      64.4        73];

x.Gaps = [0.01      0.03      0.05      0.07      0.09];
x.TMCFreq = [250   500  1000  2000  4000];
x.TMC = [
96.8	91.8	86.1	81.3	88	 
100	96.9	92.6	85.1	87.5	 
105	98.4	97.8	88	92.4	 
NaN	NaN	101	95.5	96.1	 
NaN	NaN	NaN	97.2	103	 
];
x.TMC = x.TMC';

x.MaskerRatio = [0.5      0.7      0.9        1      1.1      1.3      1.6];
x.IFMCFreq = [250   500  1000  2000  4000];
x.IFMCs = [
97.5	94.7	85.5	74.8	80.4	 
96.3	89.3	86.6	77.3	84	 
92.9	92	85.5	80.1	85.9	 
95.1	90.8	85.7	81.8	87.3	 
93.3	91.4	84.2	82.2	88.8	 
95.8	89.6	88	85.4	94.8	 
93.1	91.4	86.6	90.2	99.4	 
];
x.IFMCs = x.IFMCs';
