function x = MTprofile12_50hr30_Nov_2011
%created: 12_50hr30_Nov_2011

x.BFs = [250   500  1000  2000  4000  8000];

x.LongTone = [15.7      16.4      28.3      18.1      20.5      33.3];
x.ShortTone = [19.2      16.3      39.1        31      24.6      37.1];

x.Gaps = [0.01      0.03      0.05      0.07      0.09];
x.TMCFreq = [250   500  1000  2000  4000  8000];
x.TMC = [
NaN	NaN	46.6	28.8	49.2	36.4	 
39.7	45.8	65.1	31.5	62.4	47.6	 
60.2	62.1	NaN	43.2	74.5	53.2	 
90.2	95.2	NaN	39.4	98.5	79	 
NaN	NaN	NaN	42	NaN	82.8	 
];
x.TMC = x.TMC';

x.MaskerRatio = [0.5      0.7      0.9        1      1.1      1.3      1.6];
x.IFMCFreq = [250   500  1000  2000  4000  8000];
x.IFMCs = [
NaN	NaN	NaN	39.5	61	54.9	 
NaN	31.4	58.3	39.5	67.9	15.8	 
34.4	26.3	NaN	32.6	46.2	29.2	 
30.5	30.5	47.7	24.7	46	36.6	 
29	25.4	49.3	25.8	53.6	51.2	 
31.5	29.7	64.1	19.6	84.2	58.6	 
46.4	NaN	75.8	29.6	NaN	64.5	 
];
x.IFMCs = x.IFMCs';
