function x = MTprofile12_47hr06_Dec_2011
%created: 12_47hr06_Dec_2011

x.BFs = [250   500  1000  2000  3000  4000  8000];

x.LongTone = [68.8        65      62.7      61.9      64.9        70      91.5];
x.ShortTone = [69.9      68.2      65.3      65.4        69      74.2        96];

x.Gaps = [0.01      0.03      0.05      0.07      0.09];
x.TMCFreq = [250   500  1000  2000  3000  4000  8000];
x.TMC = [
92.3	92.9	86.7	83.2	84.7	89.6	NaN	 
97.7	98.7	93.6	85	84.5	91.7	NaN	 
101	101	97.3	89.3	90.9	94.3	NaN	 
NaN	NaN	99.7	92	95	96.9	NaN	 
NaN	NaN	102	97.6	98	102	NaN	 
];
x.TMC = x.TMC';

x.MaskerRatio = [0.5      0.7      0.9        1      1.1      1.3      1.6];
x.IFMCFreq = [250   500  1000  2000  3000  4000  8000];
x.IFMCs = [
94.1	93.6	86.2	77.1	78	81.4	89	 
93.2	92.1	82.7	77.9	81.4	80.9	99.7	 
91.1	93	85.1	81.6	83.2	86.8	NaN	 
92.4	91.2	85.6	81.5	85.7	88.9	NaN	 
92	91.5	85.9	82.5	85.8	90.4	NaN	 
92.8	92.6	87.4	83.2	89.8	96.1	NaN	 
92.3	92.3	88.3	87.7	94.6	102	NaN	 
];
x.IFMCs = x.IFMCs';
