function x = MTprofile11_50hr07_Dec_2011
%created: 11_50hr07_Dec_2011

x.BFs = [250   500  1000  2000  4000  6000  8000];

x.LongTone = [16.1      13.4      12.7      14.4        36      90.4      98.5];
x.ShortTone = [18.6      16.4      15.1      16.9      42.6      94.2       102];

x.Gaps = [0.01      0.03      0.05      0.07      0.09];
x.TMCFreq = [250   500  1000  2000  4000  6000  8000];
x.TMC = [
30.8	29.3	34	42.2	38.3	NaN	NaN	 
37.3	44.3	47.7	48.2	39.4	NaN	NaN	 
88.1	80.7	71.7	68.5	35.6	NaN	NaN	 
95.4	88.2	87.7	61.8	57.2	NaN	NaN	 
98.2	91.9	88.9	71	53.3	NaN	NaN	 
];
x.TMC = x.TMC';

x.MaskerRatio = [0.5      0.7      0.9        1      1.1      1.3      1.6];
x.IFMCFreq = [250   500  1000  2000  4000  6000  8000];
x.IFMCs = [
35.8	61.5	71.1	71.5	37.2	75.5	97.2	 
32	42.1	55	70.2	16.9	99.1	NaN	 
30.7	33	34.5	34.2	26.4	NaN	NaN	 
28.8	30	30.5	36	26.8	NaN	NaN	 
29.9	29.6	32.6	38.4	49.8	NaN	NaN	 
29.4	31.2	52.8	70.1	37.3	NaN	NaN	 
36	59.9	85.2	89.7	93.3	NaN	NaN	 
];
x.IFMCs = x.IFMCs';
