function x = MTprofile10_54hr21_Dec_2011
%created: 10_54hr21_Dec_2011

x.BFs = [250   500  1000  2000  4000  8000];

x.LongTone = [16      10.6        10      12.8      20.8      26.4];
x.ShortTone = [18.9      12.4      11.8      15.9      23.8      30.9];

x.Gaps = [0.01      0.03      0.05      0.07      0.09];
x.TMCFreq = [250   500  1000  2000  4000  8000];
x.TMC = [
NaN	61.3	51.8	69.5	64.1	44.3	 
81.7	75.1	67	86.4	70.3	49.1	 
103	87.9	78.2	101	78.7	65.3	 
NaN	102	99.7	NaN	90.8	69.2	 
NaN	NaN	NaN	NaN	96.3	87.2	 
];
x.TMC = x.TMC';

x.MaskerRatio = [0.5      0.7      0.9        1      1.1      1.3      1.6];
x.IFMCFreq = [250   500  1000  2000  4000  8000];
x.IFMCs = [
NaN	NaN	35.1	48.7	74	63.6	 
NaN	60.5	30.4	47.6	64.6	47.7	 
NaN	54.4	35.7	41.9	39.1	48	 
NaN	59.3	50.5	74	61.4	42.1	 
NaN	75.8	51.9	54.9	63	47.9	 
49	59.5	54.1	56.2	44.8	75.9	 
NaN	79.6	69.3	64.8	78.8	100	 
];
x.IFMCs = x.IFMCs';
