function x = MTprofile12_34hr07_Dec_2011
%created: 12_34hr07_Dec_2011

x.BFs = [250   500  1000  2000  4000  6000  8000];

x.LongTone = [65.3      63.6      61.5        67      22.1        90      91.1];
x.ShortTone = [69.5        67      66.9      70.3        26      91.8      96.4];

x.Gaps = [0.01      0.03      0.05      0.07      0.09];
x.TMCFreq = [250   500  1000  2000  4000  6000  8000];
x.TMC = [
91.9	89	85.4	87.3	37.8	NaN	NaN	 
99.7	94.6	91.8	91.8	47.7	NaN	NaN	 
103	98.7	95.6	95.6	57.4	NaN	NaN	 
NaN	101	98.9	NaN	67.4	NaN	NaN	 
NaN	104	100	NaN	78.1	NaN	NaN	 
];
x.TMC = x.TMC';

x.MaskerRatio = [0.5      0.7      0.9        1      1.1      1.3      1.6];
x.IFMCFreq = [250   500  1000  2000  4000  6000  8000];
x.IFMCs = [
94.5	89.1	81.5	84.4	73.6	90.8	76.2	 
94.7	88.5	83.6	84.9	77.3	89.3	102	 
94.7	87.6	83.4	87.2	37.7	104	NaN	 
92.6	86.8	85.3	88.5	38.7	106	NaN	 
92.4	86.4	85.8	87.5	51.5	NaN	NaN	 
94	86.8	86.8	89.4	93.7	NaN	NaN	 
91.9	89.3	88	89.1	97.5	NaN	NaN	 
];
x.IFMCs = x.IFMCs';
