function x = MTprofile20_40hr30_Nov_2011
%created: 20_40hr30_Nov_2011

x.BFs = [250   500  1000  2000  3000  4000];

x.LongTone = [22.1     -2.41      19.3      48.8        36      76.4];
x.ShortTone = [22.7      4.05      31.5        51      56.7      76.8];

x.Gaps = [0.01      0.03      0.05      0.07      0.09];
x.TMCFreq = [250   500  1000  2000  3000  4000];
x.TMC = [
9.26	8.49	15.1	52	41.9	26.6	 
22.3	12.9	10.8	58.7	58.7	41.7	 
34.4	19.9	48.4	65.8	72	75.5	 
38.1	24.6	44.7	75.3	80.2	93.9	 
44.1	45.5	54.2	74	87.3	NaN	 
];
x.TMC = x.TMC';

x.MaskerRatio = [0.5      0.7      0.9        1      1.1      1.3      1.6];
x.IFMCFreq = [250   500  1000  2000  3000  4000];
x.IFMCs = [
42.7	27.5	44	71.2	71.7	68	 
43.4	12.5	25.9	67.8	63.8	38.8	 
24.9	2.76	11.3	48.2	49	24.8	 
11.3	8.41	14.3	51.9	47.4	22.6	 
9	10.8	6.98	48.8	44.9	28.5	 
5.57	18.2	56	43.1	44.1	57.1	 
1.16	96.4	87.3	45.9	96.1	87.5	 
];
x.IFMCs = x.IFMCs';
