function x = MTprofile13_29hr20_Dec_2011
%created: 13_29hr20_Dec_2011

x.BFs = [250   500  1000  2000  4000  8000];

x.LongTone = [14.9      10.6       9.7        13      31.9      63.6];
x.ShortTone = [18.7      12.8      11.9        16      49.7      77.6];

x.Gaps = [0.01      0.03      0.05      0.07      0.09];
x.TMCFreq = [250   500  1000  2000  4000  8000];
x.TMC = [
NaN	57.7	71.9	39.2	34.4	11.5	 
73.4	86.7	84.5	56.1	39.1	52.7	 
NaN	NaN	NaN	55.2	34.6	7.84	 
NaN	NaN	NaN	60.9	80.1	35.2	 
NaN	NaN	NaN	79.9	60	43.7	 
];
x.TMC = x.TMC';

x.MaskerRatio = [0.5      0.7      0.9        1      1.1      1.3      1.6];
x.IFMCFreq = [250   500  1000  2000  4000  8000];
x.IFMCs = [
NaN	NaN	59.5	18.7	14.4	22.2	 
NaN	62	50.7	16.3	26.3	32.2	 
NaN	45.7	37.5	19.6	23.2	40.7	 
NaN	53.4	58.2	30.5	29	45.6	 
44	53.1	65.2	54.2	57.3	65.3	 
35.6	47.8	74.7	42.5	47.6	64.4	 
37.8	79.7	NaN	103	98.6	50.1	 
];
x.IFMCs = x.IFMCs';
