function x = MTprofile18_38hr20_Dec_2011
%created: 18_38hr20_Dec_2011

x.BFs = [250   500  1000  2000  4000  8000];

x.LongTone = [16.7      11.1      13.2      14.6      25.1        32];
x.ShortTone = [18.8      13.3      13.4      15.9      25.2      40.9];

x.Gaps = [0.01      0.03      0.05      0.07      0.09];
x.TMCFreq = [250   500  1000  2000  4000  8000];
x.TMC = [
24.8	23.3	19	17.9	20.1	43.3	 
30.9	28.6	29.2	28	33.5	53.7	 
37.6	34.4	35	35.3	38.5	57.4	 
43.9	40.9	45.9	45.8	44.6	64.8	 
50.9	47.5	59.5	64.4	49	68.8	 
];
x.TMC = x.TMC';

x.MaskerRatio = [0.5      0.7      0.9        1      1.1      1.3      1.6];
x.IFMCFreq = [250   500  1000  2000  4000  8000];
x.IFMCs = [
NaN	38.1	29.9	35.5	36.2	56.3	 
41.6	30.5	27.2	29	31.7	51.5	 
29.1	23.1	19.1	20.6	24.5	46.3	 
26.1	23	18.9	19.7	23.3	45.2	 
22.6	23.5	22.4	20.6	25	48.7	 
25.3	25.8	25.2	26.1	31.7	61.9	 
30.5	34.7	33.5	34.7	43.9	77.8	 
];
x.IFMCs = x.IFMCs';
