function x = MTprofile13_12hr01_Dec_2011
%created: 13_12hr01_Dec_2011

x.BFs = [250   500  1000  2000  4000  6000];

x.LongTone = [36        34      34.3      47.5      62.6       101];
x.ShortTone = [37.9      36.1      43.1      58.8      68.5       103];

x.Gaps = [0.01      0.03      0.05      0.07      0.09];
x.TMCFreq = [250   500  1000  2000  4000  6000];
x.TMC = [
47.7	57.9	41.9	63.6	80.8	NaN	 
50.9	62.7	50.7	67.5	83.1	NaN	 
74.5	70	54.6	67.1	87.5	NaN	 
84.7	75.7	67.9	75.1	89.4	NaN	 
95.5	85.8	64	75.1	NaN	NaN	 
];
x.TMC = x.TMC';

x.MaskerRatio = [0.5      0.7      0.9        1      1.1      1.3      1.6];
x.IFMCFreq = [250   500  1000  2000  4000  6000];
x.IFMCs = [
52.6	72	72.8	75.4	86.8	NaN	 
50.4	63.3	59.8	76.5	89.7	NaN	 
49.8	55.5	52.4	73.3	87.5	NaN	 
48.2	51.1	42.7	60.9	79.9	NaN	 
46.9	54.5	48.8	68.7	79.4	NaN	 
53.2	62.2	74.6	90.4	99.2	NaN	 
58.3	82.2	87.2	96.2	NaN	NaN	 
];
x.IFMCs = x.IFMCs';
