function x = MTprofile19_6hr29_Nov_2011
%created: 19_6hr29_Nov_2011

x.BFs = [250   500  1000  2000  4000  8000];

x.LongTone = [15.5      13.6      42.2      32.3        22      47.3];
x.ShortTone = [18.9        16      49.8        42      24.9      51.6];

x.Gaps = [0.01      0.03      0.05      0.07      0.09];
x.TMCFreq = [250   500  1000  2000  4000  8000];
x.TMC = [
29.8	27	40.2	36.8	37	53.1	 
52.8	53.7	49	51.9	46.3	62.8	 
90.7	77.8	42.2	47.3	58.3	63	 
96.8	89.3	63.2	43.3	72.1	58.6	 
100	92.8	80.1	56.9	77.9	53.5	 
];
x.TMC = x.TMC';

x.MaskerRatio = [0.5      0.7      0.9        1      1.1      1.3      1.6];
x.IFMCFreq = [250   500  1000  2000  4000  8000];
x.IFMCs = [
36.7	43.6	13.3	61.6	73.5	39.9	 
33.4	30.9	21.4	65	78	27	 
32.2	29.4	28.7	46.2	46.2	41.1	 
31.9	27.7	34.2	33	40.4	52	 
31.6	28.8	53.9	29.7	38.6	74.1	 
29.7	38.4	81.7	15.7	76.1	94.9	 
33.7	81.5	85.7	18.7	96.5	84.4	 
];
x.IFMCs = x.IFMCs';
