function x = MTprofile15_9hr06_Jan_2012
%created: 15_9hr06_Jan_2012

x.BFs = [250   500  1000  2000  4000  8000];

x.LongTone = [7.01      4.64     -1.07      13.9       6.1      4.95];
x.ShortTone = [10.6      8.21      4.01      21.7      18.3      15.1];

x.Gaps = [0.01      0.03      0.05      0.07      0.09];
x.TMCFreq = [250   500  1000  2000  4000  8000];
x.TMC = [
16.1	23.6	-0.643	4.29	9.26	1.19	 
24.1	31.9	8.83	17.2	21.4	13.9	 
32	46.4	6.67	24.1	30	22.1	 
49.4	59.5	20.6	40.5	44.9	28.8	 
78.5	81.6	13.5	53.7	55	42.5	 
];
x.TMC = x.TMC';

x.MaskerRatio = [0.5      0.7      0.9        1      1.1      1.3      1.6];
x.IFMCFreq = [250   500  1000  2000  4000  8000];
x.IFMCs = [
27.2	54	59	53.4	57.2	52.3	 
23	40.9	32.3	37.9	47	49.1	 
20.1	22.1	8.98	9.5	23.9	6.94	 
19.2	21	1.07	8.61	15.2	6.27	 
27.3	27.8	-5.11	8.45	16.6	3.42	 
16.1	29	9.03	19.9	36.7	20.4	 
33.5	55	29.7	59.7	62.2	41.3	 
];
x.IFMCs = x.IFMCs';
