function x = MTprofile15_24hr19_Sep_2011
%created: 15_24hr19_Sep_2011

x.BFs = [250   500  1000  2000  4000  8000];

x.LongTone = [10.2      5.25      3.23      2.81      7.69      13.3];
x.ShortTone = [15      11.4      7.56      8.35      14.3        18];

x.Gaps = [0.01      0.03      0.05      0.07      0.09];
x.TMCFreq = [250   500  1000  2000  4000  8000];
x.TMC = [
29.2	22.7	21.1	24.1	34.5	32	 
38.1	31.3	27.1	45.9	44.6	34.6	 
47	46.8	39.8	58	61	43.9	 
51.3	58	63.7	69.6	70.9	49.2	 
76.9	82.9	82.8	79.2	78.7	67.6	 
];
x.TMC = x.TMC';

x.MaskerRatio = [0.5      0.7      0.9        1      1.1      1.3      1.6];
x.IFMCFreq = [250   500  1000  2000  4000  8000];
x.IFMCs = [
37.5	55.9	65.6	67.6	68.2	69.6	 
34.8	41	44.9	63.5	72.3	76.6	 
33.1	28.1	24.7	26.7	36	32.1	 
29.5	23.6	18.7	25.6	30	28.4	 
25.8	22.4	17.6	27.8	36.3	31.9	 
27.1	23.4	27.2	42.7	58.8	48.2	 
32.8	41.6	75.6	83.2	90.1	89.6	 
];
x.IFMCs = x.IFMCs';
