function x = profile_AMU_L									
x.Comments= {									
	};								
x.BFs= [   									
	250	500	1000	2000	4000	6000	8000		
	];								
x.LongTone= [ 									
	3.92	1.31	-1.35	13.68	2.21	NaN	25.94		
	];								
x.ShortTone= [ 									
	NaN	NaN	19.70	26.44	20.03	NaN	NaN		
	];								
x.IFMCFreq= [									
	250	500	1000	2000	4000	6000	8000		
	];								
x.MaskerRatio=[    									
	0.5	0.7	0.9	1	1.1	1.3	1.6		
	];								
x.IFMCs=[									
	NaN	NaN	66.97	70.93	52.57	NaN	NaN		
	NaN	NaN	55.61	56.87	60.90	NaN	NaN		
	NaN	NaN	42.65	45.45	38.37	NaN	NaN		
	NaN	NaN	33.45	32.82	29.20	NaN	NaN		
	NaN	NaN	25.39	47.32	33.67	NaN	NaN		
	NaN	NaN	55.33	61.16	40.45	NaN	NaN		
	NaN	NaN	32.82	65.66	57.11	NaN	NaN		
	];								
x.IFMCs= x.IFMCs';									
x.Gaps= [									
	0.01	0.02	0.03	0.04	0.05	0.06	0.07	0.08	0.09
	];								
x.TMCFreq= [									
	250	500	1000	2000	4000	6000	8000		
	];								
x.TMC= [									
	NaN	NaN	NaN	NaN	NaN	NaN	NaN		
	NaN	NaN	NaN	NaN	NaN	NaN	NaN		
	NaN	NaN	NaN	NaN	NaN	NaN	NaN		
	NaN	NaN	NaN	NaN	NaN	NaN	NaN		
	NaN	NaN	NaN	NaN	NaN	NaN	NaN		
	NaN	NaN	NaN	NaN	NaN	NaN	NaN		
	NaN	NaN	NaN	NaN	NaN	NaN	NaN		
	NaN	NaN	NaN	NaN	NaN	NaN	NaN		
	NaN	NaN	NaN	NaN	NaN	NaN	NaN		
	];								
x.TMC = x.TMC';									
