function x = profile_POS_L									
x.Comments= {									
	};								
x.BFs= [   									
	250	500	1000	2000	4000	6000	8000		
	];								
x.LongTone= [ 									
	64.30	52.57	58.60	67.60	83.18	NaN	NaN		
	];								
x.ShortTone= [ 									
	72.45	58.87	60.01	68.57	84.48	NaN	NaN		
	];								
x.IFMCFreq= [									
	250	500	1000	2000	4000	6000	8000		
	];								
x.MaskerRatio=[    									
	0.5	0.7	0.9	1	1.1	1.3	1.6		
	];								
x.IFMCs=[									
	71.51	63.37	79.02	62.26	NaN	NaN	NaN		
	65.66	65.20	65.26	63.31	NaN	NaN	NaN		
	64.22	54.75	67.45	68.10	NaN	NaN	NaN		
	65.52	56.61	63.67	68.42	NaN	NaN	NaN		
	65.49	56.14	65.11	65.17	NaN	NaN	NaN		
	62.59	58.70	65.35	66.00	NaN	NaN	NaN		
	60.95	57.44	67.55	76.70	NaN	NaN	NaN		
	];								
x.IFMCs= x.IFMCs';									
x.Gaps= [									
	0.01	0.02	0.03	0.04	0.05	0.06	0.07	0.08	0.09
	];								
x.TMCFreq= [									
	250	500	1000	2000	4000	6000	8000		
	];								
x.TMC= [									
	NaN	NaN	NaN	70.53	NaN	NaN	NaN		
	NaN	NaN	NaN	72.22	NaN	NaN	NaN		
	NaN	NaN	NaN	74.32	NaN	NaN	NaN		
	NaN	NaN	NaN	70.98	NaN	NaN	NaN		
	NaN	NaN	NaN	73.78	NaN	NaN	NaN		
	NaN	NaN	NaN	74.23	NaN	NaN	NaN		
	NaN	NaN	NaN	76.18	NaN	NaN	NaN		
	NaN	NaN	NaN	75.86	NaN	NaN	NaN		
	NaN	NaN	NaN	74.09	NaN	NaN	NaN		
	];								
x.TMC = x.TMC';									
