function x = profile_JFL_R									
x.Comments= {									
	};								
x.BFs= [   									
	250	500	1000	2000	4000	6000	8000		
	];								
x.LongTone= [ 									
	54.90	47.27	61.37	25.16	56.79	NaN	94.98		
	];								
x.ShortTone= [ 									
	98.73	70.44	63.37	50.29	62.71	NaN	110.00		
	];								
x.IFMCFreq= [									
	250	500	1000	2000	4000	6000	8000		
	];								
x.MaskerRatio=[    									
	0.5	0.7	0.9	1	1.1	1.3	1.6		
	];								
x.IFMCs=[									
	NaN	72.90	58.39	54.85	72.13	NaN	NaN		
	NaN	75.78	58.82	60.95	64.93	NaN	NaN		
	NaN	68.80	53.32	52.28	64.81	NaN	NaN		
	NaN	69.99	55.75	42.64	66.52	NaN	NaN		
	NaN	78.65	60.80	35.65	70.15	NaN	NaN		
	NaN	75.00	NaN	55.58	65.12	NaN	NaN		
	NaN	69.58	NaN	56.92	80.34	NaN	NaN		
	];								
x.IFMCs= x.IFMCs';									
x.Gaps= [									
	0.01	0.02	0.03	0.04	0.05	0.06	0.07	0.08	0.09
	];								
x.TMCFreq= [									
	250	500	1000	2000	4000	6000	8000		
	];								
x.TMC= [									
	NaN	NaN	NaN	NaN	NaN	NaN	NaN		
	NaN	NaN	NaN	NaN	NaN	NaN	NaN		
	NaN	NaN	NaN	NaN	NaN	NaN	NaN		
	NaN	NaN	NaN	NaN	NaN	NaN	NaN		
	NaN	NaN	NaN	NaN	NaN	NaN	NaN		
	NaN	NaN	NaN	NaN	NaN	NaN	NaN		
	NaN	NaN	NaN	NaN	NaN	NaN	NaN		
	NaN	NaN	NaN	NaN	NaN	NaN	NaN		
	NaN	NaN	NaN	NaN	NaN	NaN	NaN		
	];								
x.TMC = x.TMC';									
