function x = profile_HBO_R									
x.Comments= {									
	};								
x.BFs= [   									
	250	500	1000	2000	4000	6000	8000		
	];								
x.LongTone= [ 									
	33.55	34.09	27.07	24.67	15.23	24.13	63.51		
	];								
x.ShortTone= [ 									
	39.60	38.46	30.01	28.61	21.48	26.68	63.41		
	];								
x.IFMCFreq= [									
	250	500	1000	2000	4000	6000	8000		
	];								
x.MaskerRatio=[    									
	0.5	0.7	0.9	1	1.1	1.3	1.6		
	];								
x.IFMCs=[									
	NaN	NaN	75.36	74.12	71.87	77.27	83.80		
	NaN	NaN	59.40	75.18	48.12	70.40	78.77		
	NaN	NaN	48.09	53.77	35.09	51.45	54.80		
	NaN	NaN	43.66	46.86	29.67	36.91	63.74		
	NaN	NaN	54.98	59.90	32.22	49.81	80.02		
	NaN	NaN	59.05	67.81	36.82	71.25	87.11		
	NaN	NaN	94.50	NaN	42.42	90.92	87.24		
	];								
x.IFMCs= x.IFMCs';									
x.Gaps= [									
	0.01	0.02	0.03	0.04	0.05	0.06	0.07	0.08	0.09
	];								
x.TMCFreq= [									
	250	500	1000	2000	4000	6000	8000		
	];								
x.TMC= [									
	NaN	NaN	NaN	NaN	NaN	NaN	NaN		
	NaN	NaN	54.39	49.74	43.01	46.72	91.84		
	NaN	NaN	NaN	NaN	NaN	NaN	NaN		
	NaN	NaN	64.27	62.66	66.57	54.51	92.91		
	NaN	NaN	65.06	61.07	75.67	63.00	93.40		
	NaN	NaN	82.01	67.77	69.02	54.77	NaN		
	NaN	NaN	NaN	NaN	NaN	NaN	NaN		
	NaN	NaN	NaN	66.32	70.62	61.14	NaN		
	NaN	NaN	NaN	NaN	NaN	NaN	NaN		
	];								
x.TMC = x.TMC';									
