function x = profile_POS_R									
x.Comments= {									
	};								
x.BFs= [   									
	250	500	1000	2000	4000	6000	8000		
	];								
x.LongTone= [ 									
	63.16	57.11	59.45	72.49	83.50	NaN	NaN		
	];								
x.ShortTone= [ 									
	65.38	61.64	61.51	69.72	84.36	NaN	NaN		
	];								
x.IFMCFreq= [									
	250	500	1000	2000	4000	6000	8000		
	];								
x.MaskerRatio=[    									
	0.5	0.7	0.9	1	1.1	1.3	1.6		
	];								
x.IFMCs=[									
	69.04	58.10	76.40	62.29	NaN	NaN	NaN		
	58.65	56.02	66.50	59.88	NaN	NaN	NaN		
	65.13	57.43	64.65	65.13	NaN	NaN	NaN		
	60.25	57.81	62.33	72.53	NaN	NaN	NaN		
	59.77	53.96	60.70	70.91	NaN	NaN	NaN		
	55.39	57.21	59.95	64.30	NaN	NaN	NaN		
	54.66	59.03	59.54	71.67	NaN	NaN	NaN		
	];								
x.IFMCs= x.IFMCs';									
x.Gaps= [									
	0.01	0.02	0.03	0.04	0.05	0.06	0.07	0.08	0.09
	];								
x.TMCFreq= [									
	250	500	1000	2000	4000	6000	8000		
	];								
x.TMC= [									
	NaN	NaN	57.72	73.36	NaN	NaN	NaN		
	NaN	NaN	59.71	73.97	NaN	NaN	NaN		
	NaN	NaN	57.70	73.66	NaN	NaN	NaN		
	NaN	NaN	58.81	72.44	NaN	NaN	NaN		
	NaN	NaN	63.44	79.46	NaN	NaN	NaN		
	NaN	NaN	60.98	77.30	NaN	NaN	NaN		
	NaN	NaN	61.83	77.15	NaN	NaN	NaN		
	NaN	NaN	56.05	76.67	NaN	NaN	NaN		
	NaN	NaN	64.19	75.89	NaN	NaN	NaN		
	];								
x.TMC = x.TMC';									
