function x = profile_JHO_L									
x.Comments= {									
	};								
x.BFs= [   									
	250	500	1000	2000	4000	6000	8000		
	];								
x.LongTone= [ 									
	80.00	70.06	62.42	58.46	62.46	NaN	NaN		
	];								
x.ShortTone= [ 									
	82.73	76.64	65.57	62.11	64.38	NaN	NaN		
	];								
x.IFMCFreq= [									
	250	500	1000	2000	4000	6000	8000		
	];								
x.MaskerRatio=[    									
	0.5	0.7	0.9	1	1.1	1.3	1.6		
	];								
x.IFMCs=[									
	NaN	NaN	87.07	86.20	NaN	NaN	NaN		
	NaN	NaN	84.60	79.90	62.20	NaN	NaN		
	NaN	91.15	82.35	76.49	77.36	NaN	NaN		
	NaN	85.60	76.96	74.40	66.94	NaN	NaN		
	NaN	83.18	80.82	68.32	72.30	NaN	NaN		
	NaN	79.03	76.61	69.12	72.36	NaN	NaN		
	NaN	85.55	82.49	73.84	NaN	NaN	NaN		
	];								
x.IFMCs= x.IFMCs';									
x.Gaps= [									
	0.01	0.02	0.03	0.04	0.05	0.06	0.07	0.08	0.09
	];								
x.TMCFreq= [									
	250	500	1000	2000	4000	6000	8000		
	];								
x.TMC= [									
	NaN	NaN	NaN	NaN	NaN	NaN	NaN		
	NaN	NaN	NaN	NaN	NaN	NaN	NaN		
	NaN	NaN	NaN	NaN	NaN	NaN	NaN		
	NaN	NaN	NaN	NaN	NaN	NaN	NaN		
	NaN	NaN	NaN	NaN	NaN	NaN	NaN		
	NaN	NaN	NaN	NaN	NaN	NaN	NaN		
	NaN	NaN	NaN	NaN	NaN	NaN	NaN		
	NaN	NaN	NaN	NaN	NaN	NaN	NaN		
	NaN	NaN	NaN	NaN	NaN	NaN	NaN		
	];								
x.TMC = x.TMC';									
