function x = profile_LBR_L									
x.Comments= {									
	};								
x.BFs= [   									
	250	500	1000	2000	4000	6000	8000		
	];								
x.LongTone= [ 									
	21.24	16.58	10.98	11.04	26.68	31.87	60.01		
	];								
x.ShortTone= [ 									
	32.54	24.03	16.81	16.09	30.00	34.20	61.35		
	];								
x.IFMCFreq= [									
	250	500	1000	2000	4000	6000	8000		
	];								
x.MaskerRatio=[    									
	0.5	0.7	0.9	1	1.1	1.3	1.6		
	];								
x.IFMCs=[									
	NaN	NaN	NaN	61.55	70.60	64.94	73.83		
	NaN	NaN	NaN	27.56	46.57	48.56	62.38		
	NaN	NaN	NaN	15.73	36.97	45.08	73.27		
	NaN	NaN	NaN	16.34	34.37	38.40	71.46		
	NaN	NaN	NaN	14.38	31.26	50.74	85.00		
	NaN	NaN	NaN	20.23	39.23	65.39	91.68		
	NaN	NaN	NaN	28.01	48.70	NaN	NaN		
	];								
x.IFMCs= x.IFMCs';									
x.Gaps= [									
	0.01	0.02	0.03	0.04	0.05	0.06	0.07	0.08	0.09
	];								
x.TMCFreq= [									
	250	500	1000	2000	4000	6000	8000		
	];								
x.TMC= [									
	NaN	NaN	NaN	NaN	NaN	NaN	NaN		
	NaN	NaN	NaN	24.32	40.26	39.17	75.75		
	NaN	NaN	NaN	NaN	NaN	NaN	NaN		
	NaN	NaN	NaN	31.49	41.28	43.60	75.76		
	NaN	NaN	NaN	33.52	46.07	41.07	73.67		
	NaN	NaN	NaN	35.59	46.08	46.77	79.41		
	NaN	NaN	NaN	NaN	NaN	NaN	NaN		
	NaN	NaN	NaN	39.45	47.01	42.89	77.77		
	NaN	NaN	NaN	NaN	NaN	NaN	NaN		
	];								
x.TMC = x.TMC';									
