function x = profile_CWA_L_aided_15dBSL									
x.Comments= {									
	};								
x.BFs= [   									
	250	500	1000	2000	4000	6000	8000		
	];								
x.LongTone= [ 									
	7.63	7.05	4.69	15.04	13.59	12.21	13.05		
	];								
x.ShortTone= [ 									
	15.58	13.77	12.74	23.21	15.70	14.30	19.82		
	];								
x.IFMCFreq= [									
	250	500	1000	2000	4000	6000	8000		
	];								
x.MaskerRatio=[    									
	0.5	0.7	0.9	1	1.1	1.3	1.6		
	];								
x.IFMCs=[									
	NaN	NaN	54.02	54.34	67.82	50.26	NaN		
	NaN	NaN	26.83	49.54	29.97	30.92	NaN		
	NaN	NaN	22.40	38.95	27.75	30.94	NaN		
	NaN	NaN	25.47	34.62	28.21	29.99	NaN		
	NaN	NaN	27.82	32.86	28.04	27.37	NaN		
	NaN	NaN	51.14	32.80	26.62	36.73	NaN		
	NaN	NaN	72.43	42.84	41.34	66.68	NaN		
	];								
x.IFMCs= x.IFMCs';									
x.Gaps= [									
	0.01	0.02	0.03	0.04	0.05	0.06	0.07	0.08	0.09
	];								
x.TMCFreq= [									
	250	500	1000	2000	4000	6000	8000		
	];								
x.TMC= [									
	NaN	NaN	24.96	20.81	13.82	16.15	NaN		
	NaN	NaN	NaN	NaN	NaN	NaN	NaN		
	NaN	NaN	26.93	51.30	30.61	25.99	NaN		
	NaN	NaN	NaN	NaN	NaN	NaN	NaN		
	NaN	NaN	59.82	66.34	44.20	38.19	NaN		
	NaN	NaN	NaN	NaN	NaN	NaN	NaN		
	NaN	NaN	74.05	81.09	57.81	NaN	NaN		
	NaN	NaN	NaN	NaN	NaN	NaN	NaN		
	NaN	NaN	NaN	NaN	64.15	NaN	NaN		
	];								
x.TMC = x.TMC';									
