function x = profile_JJO_L									
x.Comments= {									
	};								
x.BFs= [   									
	250	500	1000	2000	4000	6000	8000		
	];								
x.LongTone= [ 									
	28.08	24.76	8.01	18.84	65.48	NaN	NaN		
	];								
x.ShortTone= [ 									
	45.88	35.13	24.10	31.80	70.74	NaN	NaN		
	];								
x.IFMCFreq= [									
	250	500	1000	2000	4000	6000	8000		
	];								
x.MaskerRatio=[    									
	0.5	0.7	0.9	1	1.1	1.3	1.6		
	];								
x.IFMCs=[									
	60.49	62.87	50.50	51.80	NaN	NaN	NaN		
	53.25	53.74	52.53	46.80	NaN	NaN	NaN		
	56.05	46.21	40.29	42.75	NaN	NaN	NaN		
	51.25	42.95	40.06	40.30	NaN	NaN	NaN		
	51.30	39.65	48.15	48.05	NaN	NaN	NaN		
	52.90	42.28	48.67	75.30	NaN	NaN	NaN		
	63.01	47.15	65.40	84.35	NaN	NaN	NaN		
	];								
x.IFMCs= x.IFMCs';									
x.Gaps= [									
	0.01	0.02	0.03	0.04	0.05	0.06	0.07	0.08	0.09
	];								
x.TMCFreq= [									
	250	500	1000	2000	4000	6000	8000		
	];								
x.TMC= [									
	NaN	59.14	51.25	52.86	67.82	NaN	NaN		
	NaN	58.77	55.95	49.50	70.73	NaN	NaN		
	NaN	64.40	55.96	58.83	73.33	NaN	NaN		
	NaN	67.12	59.97	62.92	76.22	NaN	NaN		
	NaN	74.36	69.68	62.96	77.48	NaN	NaN		
	NaN	76.90	69.40	68.22	76.45	NaN	NaN		
	NaN	74.59	68.40	87.96	78.78	NaN	NaN		
	NaN	83.82	72.08	83.65	92.17	NaN	NaN		
	NaN	80.46	67.29	86.83	95.40	NaN	NaN		
	];								
x.TMC = x.TMC';									
