function x = profile_JPR_L									
x.Comments= {									
	};								
x.BFs= [   									
	250	500	1000	2000	4000	6000	8000		
	];								
x.LongTone= [ 									
	27.14	16.39	6.48	13.06	48.51	NaN	NaN		
	];								
x.ShortTone= [ 									
	26.89	22.56	16.46	16.13	51.10	NaN	65.17		
	];								
x.IFMCFreq= [									
	250	500	1000	2000	4000	6000	8000		
	];								
x.MaskerRatio=[    									
	0.5	0.7	0.9	1	1.1	1.3	1.6		
	];								
x.IFMCs=[									
	NaN	47.18	40.70	60.29	52.97	63.59	NaN		
	NaN	41.42	51.30	38.48	31.95	62.55	NaN		
	NaN	35.25	26.98	26.04	47.80	59.61	NaN		
	NaN	30.71	24.56	19.53	48.47	63.35	NaN		
	NaN	32.24	29.82	27.09	54.55	73.35	NaN		
	NaN	50.39	42.18	40.62	58.19	93.01	NaN		
	NaN	56.23	50.09	44.27	68.33	NaN	NaN		
	];								
x.IFMCs= x.IFMCs';									
x.Gaps= [									
	0.01	0.02	0.03	0.04	0.05	0.06	0.07	0.08	0.09
	];								
x.TMCFreq= [									
	250	500	1000	2000	4000	6000	8000		
	];								
x.TMC= [									
	NaN	NaN	NaN	NaN	NaN	NaN	NaN		
	NaN	33.18	20.45	22.31	56.05	68.02	NaN		
	NaN	NaN	NaN	NaN	NaN	NaN	NaN		
	NaN	43.38	26.85	32.03	61.00	66.71	NaN		
	NaN	43.23	29.78	28.79	55.71	67.93	NaN		
	NaN	50.02	29.75	37.57	57.85	68.31	NaN		
	NaN	NaN	NaN	NaN	NaN	NaN	NaN		
	NaN	42.39	22.25	37.59	56.97	66.84	NaN		
	NaN	NaN	NaN	NaN	NaN	NaN	NaN		
	];								
x.TMC = x.TMC';									
