function x = profile_JTH_R									
x.Comments= {									
	};								
x.BFs= [   									
	250	500	1000	2000	4000	6000	8000		
	];								
x.LongTone= [ 									
	28.27	23.71	16.58	15.24	9.21	15.00	50.59		
	];								
x.ShortTone= [ 									
	34.55	29.82	21.33	17.48	11.64	17.10	51.55		
	];								
x.IFMCFreq= [									
	250	500	1000	2000	4000	6000	8000		
	];								
x.MaskerRatio=[    									
	0.5	0.7	0.9	1	1.1	1.3	1.6		
	];								
x.IFMCs=[									
	56.84	51.64	54.03	48.38	57.73	39.29	70.07		
	48.12	43.63	40.26	40.12	30.22	26.42	58.12		
	44.92	39.13	28.57	25.58	15.51	32.36	54.60		
	39.40	32.54	25.85	15.72	14.12	18.31	63.95		
	40.51	36.55	31.08	19.61	26.30	28.77	50.73		
	47.47	32.91	32.39	18.40	28.95	54.83	73.77		
	52.35	47.88	42.23	19.22	39.29	47.35	71.85		
	];								
x.IFMCs= x.IFMCs';									
x.Gaps= [									
	0.01	0.02	0.03	0.04	0.05	0.06	0.07	0.08	0.09
	];								
x.TMCFreq= [									
	250	500	1000	2000	4000	6000	8000		
	];								
x.TMC= [									
	NaN	NaN	NaN	NaN	NaN	NaN	NaN		
	NaN	45.73	40.47	26.06	24.30	38.79	69.24		
	NaN	NaN	NaN	NaN	NaN	NaN	NaN		
	55.90	47.50	43.30	27.33	25.23	39.27	63.18		
	NaN	45.57	46.64	29.08	25.07	33.32	68.91		
	NaN	45.46	45.32	30.61	28.20	45.73	73.21		
	NaN	NaN	NaN	NaN	NaN	NaN	NaN		
	59.20	50.67	45.70	33.26	27.43	38.40	51.46		
	NaN	NaN	NaN	NaN	NaN	NaN	NaN		
	];								
x.TMC = x.TMC';									
