function x = profile_CWA_L									
x.Comments= {									
	};								
x.BFs= [   									
	250	500	1000	2000	4000	6000	8000		
	];								
x.LongTone= [ 									
	21.56	22.93	37.20	44.52	43.59	47.60	65.47		
	];								
x.ShortTone= [ 									
	34.48	34.99	44.18	53.59	52.79	55.81	75.98		
	];								
x.IFMCFreq= [									
	250	500	1000	2000	4000	6000	8000		
	];								
x.MaskerRatio=[    									
	0.5	0.7	0.9	1	1.1	1.3	1.6		
	];								
x.IFMCs=[									
	44.15	38.15	57.91	69.16	68.13	79.74	59.81		
	38.46	37.26	53.30	64.83	61.70	74.83	58.89		
	34.74	39.63	47.27	59.95	59.57	64.75	60.06		
	35.01	39.83	49.14	57.29	58.55	60.04	74.66		
	34.15	40.77	48.58	58.70	58.81	62.61	89.79		
	34.36	44.47	49.24	57.69	54.12	62.55	80.59		
	35.85	51.66	52.53	67.91	61.11	68.24	90.24		
	];								
x.IFMCs= x.IFMCs';									
x.Gaps= [									
	0.01	0.02	0.03	0.04	0.05	0.06	0.07	0.08	0.09
	];								
x.TMCFreq= [									
	250	500	1000	2000	4000	6000	8000		
	];								
x.TMC= [									
	NaN	42.27	48.16	45.99	56.51	55.80	NaN		
	NaN	46.92	49.62	45.15	57.94	57.11	NaN		
	NaN	44.49	52.09	48.61	61.06	57.30	NaN		
	NaN	45.48	57.20	50.22	63.73	57.07	NaN		
	NaN	45.62	55.85	52.43	60.56	57.74	NaN		
	NaN	50.11	59.06	49.84	66.47	59.28	NaN		
	NaN	52.22	59.34	54.78	68.82	62.52	NaN		
	NaN	56.23	64.28	53.89	70.68	62.70	NaN		
	NaN	55.93	70.92	55.97	72.48	65.12	NaN		
	];								
x.TMC = x.TMC';									
