function x = profile_RFE_R									
x.Comments= {									
	};								
	];								
x.LongTone= [ 									
	NaN	NaN	NaN	NaN	NaN	NaN	NaN		
	];								
x.ShortTone= [ 									
	NaN	NaN	NaN	NaN	NaN	NaN	NaN		
	];								
x.IFMCFreq= [									
	250	500	1000	2000	4000	6000	8000		
	];								
x.MaskerRatio=[    									
	0.5	0.7	0.9	1	1.1	1.3	1.6		
	];								
x.IFMCs=[									
	NaN	NaN	NaN	NaN	NaN	NaN	NaN		
	37.02	46.70	22.40	59.67	48.38	45.57	NaN		
	31.46	28.20	27.29	14.90	46.32	38.70	NaN		
	32.62	26.78	14.71	21.19	25.12	28.40	NaN		
	32.81	25.50	20.67	41.90	62.44	54.21	NaN		
	37.32	32.80	45.98	48.77	69.37	60.23	NaN		
	NaN	NaN	NaN	NaN	NaN	NaN	NaN		
	];								
x.IFMCs= x.IFMCs';									
x.Gaps= [									
	0.01	0.02	0.03	0.04	0.05	0.06	0.07	0.08	0.09
	];								
x.TMCFreq= [									
	250	500	1000	2000	4000	6000	8000		
	];								
x.TMC= [									
	NaN	NaN	NaN	NaN	NaN	NaN	NaN		
	14.73	34.64	17.89	32.58	26.57	44.15	NaN		
	NaN	NaN	NaN	NaN	NaN	NaN	NaN		
	59.67	40.31	33.87	44.81	52.04	48.64	NaN		
	72.44	62.49	36.31	51.03	38.62	46.15	NaN		
	74.73	64.80	39.39	56.75	77.04	60.80	NaN		
	NaN	NaN	NaN	NaN	NaN	NaN	NaN		
	85.76	76.47	42.02	61.44	80.34	57.49	NaN		
	NaN	NaN	NaN	NaN	NaN	NaN	NaN		
	];								
x.TMC = x.TMC';									
