function x = profile_JE_L_meas									
x.Comments= {									
	};								
x.BFs= [   									
	250	500	1000	2000	4000	6000	8000		
	];								
x.LongTone= [ 									
	49.78	48.68	45.22	54.28	67.98	NaN	NaN		
	];								
x.ShortTone= [ 									
	59.40	54.70	50.60	61.67	70.60	NaN	NaN		
	];								
x.IFMCFreq= [									
	250	500	1000	2000	4000	6000	8000		
	];								
x.MaskerRatio=[    									
	0.5	0.7	0.9	1	1.1	1.3	1.6		
	];								
x.IFMCs=[									
	NaN	84.04	78.99	79.91	85.33	NaN	NaN		
	NaN	73.23	68.51	74.33	77.05	NaN	NaN		
	NaN	69.33	60.57	75.84	78.67	NaN	NaN		
	NaN	66.27	62.17	72.30	81.70	NaN	NaN		
	NaN	64.81	63.58	79.74	87.20	NaN	NaN		
	NaN	72.59	81.05	75.61	88.02	NaN	NaN		
	NaN	83.49	NaN	89.83	NaN	NaN	NaN		
	];								
x.IFMCs= x.IFMCs';									
x.Gaps= [									
	0.01	0.02	0.03	0.04	0.05	0.06	0.07	0.08	0.09
	];								
x.TMCFreq= [									
	250	500	1000	2000	4000	6000	8000		
	];								
x.TMC= [									
	NaN	67.92	66.30	76.18	81.57	NaN	NaN		
	NaN	NaN	NaN	NaN	NaN	NaN	NaN		
	NaN	83.04	77.25	88.96	85.18	NaN	NaN		
	NaN	NaN	NaN	NaN	NaN	NaN	NaN		
	NaN	96.27	90.86	95.72	95.23	NaN	NaN		
	NaN	NaN	NaN	NaN	NaN	NaN	NaN		
	NaN	NaN	NaN	NaN	NaN	NaN	NaN		
	NaN	NaN	NaN	NaN	NaN	NaN	NaN		
	NaN	NaN	NaN	NaN	NaN	NaN	NaN		
	];								
x.TMC = x.TMC';									
