function x = profile_TJU_L									
x.Comments= {									
	};								
x.BFs= [   									
	250	500	1000	2000	4000	6000	8000		
	];								
x.LongTone= [ 									
	6.44	2.07	3.83	5.08	2.46	12.47	14.80		
	];								
x.ShortTone= [ 									
	17.54	12.98	13.79	11.32	8.89	18.96	22.05		
	];								
x.IFMCFreq= [									
	250	500	1000	2000	4000	6000	8000		
	];								
x.MaskerRatio=[    									
	0.5	0.7	0.9	1	1.1	1.3	1.6		
	];								
x.IFMCs=[									
	36.60	56.70	65.77	82.22	75.08	68.79	67.26		
	38.35	47.72	56.79	71.46	62.88	70.79	76.74		
	29.05	33.07	34.65	39.58	41.37	49.25	59.46		
	31.64	36.83	27.59	28.52	37.11	27.95	36.89		
	21.96	34.73	41.73	68.04	70.66	69.76	48.24		
	32.35	50.88	64.66	81.97	80.99	71.83	92.24		
	54.49	69.20	90.80	79.39	81.74	76.90	NaN		
	];								
x.IFMCs= x.IFMCs';									
x.Gaps= [									
	0.01	0.02	0.03	0.04	0.05	0.06	0.07	0.08	0.09
	];								
x.TMCFreq= [									
	250	500	1000	2000	4000	6000	8000		
	];								
x.TMC= [									
	NaN	NaN	NaN	NaN	NaN	NaN	NaN		
	40.47	29.96	31.55	39.05	51.02	30.70	NaN		
	NaN	NaN	NaN	NaN	NaN	NaN	NaN		
	47.76	43.17	55.75	82.44	64.52	39.82	NaN		
	53.52	45.89	61.50	82.02	62.28	47.46	NaN		
	62.38	56.71	64.51	83.37	72.92	37.92	NaN		
	NaN	NaN	NaN	NaN	NaN	NaN	NaN		
	70.61	69.28	78.83	98.00	84.01	53.97	NaN		
	NaN	NaN	NaN	NaN	NaN	NaN	NaN		
	];								
x.TMC = x.TMC';									
