function x = profile_ZL_L									
x.Comments= {									
	};								
x.BFs= [   									
	250	500	1000	2000	4000	6000	8000		
	];								
x.LongTone= [ 									
	17.59	13.73	8.79	9.74	8.48	8.00	28.65		
	];								
x.ShortTone= [ 									
	27.60	18.39	18.34	16.22	14.95	14.58	31.58		
	];								
x.IFMCFreq= [									
	250	500	1000	2000	4000	6000	8000		
	];								
x.MaskerRatio=[    									
	0.5	0.7	0.9	1	1.1	1.3	1.6		
	];								
x.IFMCs=[									
	NaN	53.95	63.80	73.89	69.90	66.12	NaN		
	NaN	46.48	48.70	52.95	49.30	56.96	NaN		
	NaN	36.68	39.70	42.42	33.21	41.84	NaN		
	NaN	31.61	23.94	23.95	21.56	21.54	NaN		
	NaN	44.53	29.44	39.69	39.27	32.57	NaN		
	NaN	50.98	43.89	45.63	81.59	42.83	NaN		
	NaN	81.08	88.87	52.44	89.96	85.83	NaN		
	];								
x.IFMCs= x.IFMCs';									
x.Gaps= [									
	0.01	0.02	0.03	0.04	0.05	0.06	0.07	0.08	0.09
	];								
x.TMCFreq= [									
	250	500	1000	2000	4000	6000	8000		
	];								
x.TMC= [									
	NaN	NaN	NaN	NaN	NaN	NaN	NaN		
	NaN	35.23	26.24	21.51	23.32	34.49	NaN		
	NaN	NaN	NaN	NaN	NaN	NaN	NaN		
	NaN	37.96	36.28	38.05	26.07	29.26	NaN		
	NaN	55.14	41.73	35.64	34.17	38.84	NaN		
	NaN	49.96	43.58	44.56	30.47	44.55	NaN		
	NaN	NaN	NaN	NaN	NaN	NaN	NaN		
	NaN	51.65	39.00	42.79	40.84	50.61	NaN		
	NaN	NaN	NaN	NaN	NaN	NaN	NaN		
	];								
x.TMC = x.TMC';									
