function x = profile_RBL_R									
x.Comments= {									
	};								
x.BFs= [   									
	250	500	1000	2000	4000	6000	8000		
	];								
x.LongTone= [ 									
	15.80	13.85	14.90	15.00	11.41	16.23	27.26		
	];								
x.ShortTone= [ 									
	25.25	24.55	22.92	18.48	14.31	24.46	27.92		
	];								
x.IFMCFreq= [									
	250	500	1000	2000	4000	6000	8000		
	];								
x.MaskerRatio=[    									
	0.5	0.7	0.9	1	1.1	1.3	1.6		
	];								
x.IFMCs=[									
	NaN	NaN	61.08	75.12	78.52	NaN	NaN		
	NaN	NaN	58.26	67.31	67.09	NaN	NaN		
	NaN	NaN	40.15	35.90	36.67	NaN	NaN		
	NaN	NaN	30.63	13.41	20.46	NaN	NaN		
	NaN	NaN	48.51	31.11	24.96	NaN	NaN		
	NaN	NaN	78.06	30.43	98.00	NaN	NaN		
	NaN	NaN	98.00	98.00	98.00	NaN	NaN		
	];								
x.IFMCs= x.IFMCs';									
x.Gaps= [									
	0.01	0.02	0.03	0.04	0.05	0.06	0.07	0.08	0.09
	];								
x.TMCFreq= [									
	250	500	1000	2000	4000	6000	8000		
	];								
x.TMC= [									
	NaN	NaN	NaN	NaN	NaN	NaN	NaN		
	NaN	NaN	NaN	NaN	NaN	NaN	NaN		
	NaN	NaN	NaN	NaN	NaN	NaN	NaN		
	NaN	NaN	NaN	NaN	NaN	NaN	NaN		
	NaN	NaN	NaN	NaN	NaN	NaN	NaN		
	NaN	NaN	NaN	NaN	NaN	NaN	NaN		
	NaN	NaN	NaN	NaN	NaN	NaN	NaN		
	NaN	NaN	NaN	NaN	NaN	NaN	NaN		
	NaN	NaN	NaN	NaN	NaN	NaN	NaN		
	];								
x.TMC = x.TMC';									
