function x = profile_JSA_R									
x.Comments= {									
	};								
x.BFs= [   									
	250	500	1000	2000	4000	6000	8000		
	];								
x.LongTone= [ 									
	65.94	60.91	51.96	51.45	61.61	NaN	92.32		
	];								
x.ShortTone= [ 									
	78.60	66.17	64.24	57.70	68.65	NaN	94.51		
	];								
x.IFMCFreq= [									
	250	500	1000	2000	4000	6000	8000		
	];								
x.MaskerRatio=[    									
	0.5	0.7	0.9	1	1.1	1.3	1.6		
	];								
x.IFMCs=[									
	89.01	NaN	NaN	NaN	NaN	NaN	NaN		
	82.91	83.11	84.70	90.08	80.92	NaN	NaN		
	79.51	73.51	71.23	76.76	72.25	NaN	NaN		
	80.76	73.49	70.06	64.02	75.80	NaN	NaN		
	74.23	69.70	71.39	61.79	85.89	NaN	NaN		
	74.31	70.21	72.50	70.21	NaN	NaN	NaN		
	79.38	68.85	NaN	NaN	NaN	NaN	NaN		
	];								
x.IFMCs= x.IFMCs';									
x.Gaps= [									
	0.01	0.02	0.03	0.04	0.05	0.06	0.07	0.08	0.09
	];								
x.TMCFreq= [									
	250	500	1000	2000	4000	6000	8000		
	];								
x.TMC= [									
	NaN	75.32	76.44	69.10	76.50	NaN	NaN		
	NaN	77.61	79.21	66.38	76.97	NaN	NaN		
	NaN	82.40	NaN	73.94	82.58	NaN	NaN		
	NaN	87.94	NaN	85.04	89.51	NaN	NaN		
	NaN	91.56	NaN	80.44	NaN	NaN	NaN		
	NaN	NaN	NaN	NaN	NaN	NaN	NaN		
	NaN	NaN	NaN	NaN	NaN	NaN	NaN		
	NaN	NaN	NaN	NaN	NaN	NaN	NaN		
	NaN	94.42	NaN	NaN	NaN	NaN	NaN		
	];								
x.TMC = x.TMC';									
