function x = profile_WLE_L									
x.Comments= {									
	};								
x.BFs= [   									
	250	500	1000	2000	4000	6000	8000		
	];								
x.LongTone= [ 									
	8.81	0.59	0.77	-2.08	1.67	NaN	16.30		
	];								
x.ShortTone= [ 									
	19.36	13.62	12.13	4.95	9.92	NaN	21.34		
	];								
x.IFMCFreq= [									
	250	500	1000	2000	4000	6000	8000		
	];								
x.MaskerRatio=[    									
	0.5	0.7	0.9	1	1.1	1.3	1.6		
	];								
x.IFMCs=[									
	NaN	58.54	62.00	48.27	64.95	61.51	NaN		
	NaN	48.52	51.27	52.42	51.56	58.10	NaN		
	NaN	37.09	40.89	37.43	33.30	50.02	NaN		
	NaN	37.10	33.34	15.23	24.45	35.21	NaN		
	NaN	45.14	43.19	49.41	42.13	76.18	NaN		
	NaN	41.77	60.01	53.32	70.98	67.90	NaN		
	NaN	47.15	67.77	51.95	81.51	77.82	NaN		
	];								
x.IFMCs= x.IFMCs';									
x.Gaps= [									
	0.01	0.02	0.03	0.04	0.05	0.06	0.07	0.08	0.09
	];								
x.TMCFreq= [									
	250	500	1000	2000	4000	6000	8000		
	];								
x.TMC= [									
	NaN	NaN	NaN	NaN	NaN	NaN	NaN		
	NaN	51.80	41.36	29.53	30.34	41.62	NaN		
	NaN	NaN	NaN	NaN	NaN	NaN	NaN		
	NaN	57.74	61.39	33.95	48.24	59.39	NaN		
	NaN	58.40	76.50	42.98	50.85	69.97	NaN		
	NaN	59.65	68.97	50.27	73.54	68.73	NaN		
	NaN	NaN	NaN	NaN	NaN	NaN	NaN		
	NaN	67.59	79.19	79.90	84.46	83.70	NaN		
	NaN	NaN	NaN	NaN	NaN	NaN	NaN		
	];								
x.TMC = x.TMC';									
