function x = profile_SFO_L									
x.Comments= {									
	};								
x.BFs= [   									
	250	500	1000	2000	4000	6000	8000		
	];								
x.LongTone= [ 									
	21.75	10.62	11.87	51.30	50.92	54.44	60.48		
	];								
x.ShortTone= [ 									
	35.20	31.13	27.35	55.80	53.18	60.52	60.66		
	];								
x.IFMCFreq= [									
	250	500	1000	2000	4000	6000	8000		
	];								
x.MaskerRatio=[    									
	0.5	0.7	0.9	1	1.1	1.3	1.6		
	];								
x.IFMCs=[									
	NaN	51.20	64.97	66.75	76.13	NaN	NaN		
	NaN	44.75	54.87	65.65	67.41	NaN	NaN		
	NaN	38.40	42.13	65.30	57.69	NaN	NaN		
	NaN	35.00	36.73	64.05	58.27	NaN	NaN		
	NaN	34.40	41.77	67.40	62.50	NaN	NaN		
	NaN	42.90	59.53	69.40	60.36	NaN	NaN		
	NaN	56.75	78.97	62.35	59.69	NaN	NaN		
	];								
x.IFMCs= x.IFMCs';									
x.Gaps= [									
	0.01	0.02	0.03	0.04	0.05	0.06	0.07	0.08	0.09
	];								
x.TMCFreq= [									
	250	500	1000	2000	4000	6000	8000		
	];								
x.TMC= [									
	NaN	NaN	NaN	NaN	NaN	NaN	NaN		
	NaN	NaN	NaN	NaN	NaN	NaN	NaN		
	NaN	NaN	NaN	NaN	NaN	NaN	NaN		
	NaN	NaN	NaN	NaN	NaN	NaN	NaN		
	NaN	NaN	NaN	NaN	NaN	NaN	NaN		
	NaN	NaN	NaN	NaN	NaN	NaN	NaN		
	NaN	NaN	NaN	NaN	NaN	NaN	NaN		
	NaN	NaN	NaN	NaN	NaN	NaN	NaN		
	NaN	NaN	NaN	NaN	NaN	NaN	NaN		
	];								
x.TMC = x.TMC';									
