function x = profile_MKI_L									
x.Comments= {									
	};								
x.BFs= [   									
	250	500	1000	2000	4000	6000	8000		
	];								
x.LongTone= [ 									
	6.78	9.77	-5.96	11.59	-0.50	NaN	16.79		
	];								
x.ShortTone= [ 									
	26.67	25.76	15.49	19.25	23.16	NaN	29.79		
	];								
x.IFMCFreq= [									
	250	500	1000	2000	4000	6000	8000		
	];								
x.MaskerRatio=[    									
	0.5	0.7	0.9	1	1.1	1.3	1.6		
	];								
x.IFMCs=[									
	58.07	62.17	44.63	34.83	46.03	47.17	NaN		
	46.93	53.23	50.80	32.93	51.78	50.77	NaN		
	39.60	40.70	41.23	51.00	31.80	37.93	NaN		
	42.00	38.27	40.80	57.77	23.35	32.13	NaN		
	39.00	38.73	51.63	69.63	49.90	51.13	NaN		
	44.17	46.10	58.53	9.80	49.33	58.67	NaN		
	47.80	63.17	71.97	29.47	56.25	72.67	NaN		
	];								
x.IFMCs= x.IFMCs';									
x.Gaps= [									
	0.01	0.02	0.03	0.04	0.05	0.06	0.07	0.08	0.09
	];								
x.TMCFreq= [									
	250	500	1000	2000	4000	6000	8000		
	];								
x.TMC= [									
	45.37	36.77	37.33	26.30	21.70	23.97	NaN		
	49.67	38.10	45.93	5.75	32.07	23.17	NaN		
	59.97	43.10	53.03	28.90	39.47	28.83	NaN		
	66.57	47.13	50.33	27.90	41.80	36.40	NaN		
	70.90	53.17	55.47	61.60	51.27	40.57	NaN		
	86.37	63.47	60.73	35.00	55.13	42.37	NaN		
	91.60	69.53	63.17	31.60	65.30	52.50	NaN		
	NaN	90.20	59.10	27.95	67.13	57.43	NaN		
	NaN	92.20	77.63	22.95	69.00	57.53	NaN		
	];								
x.TMC = x.TMC';									
