function x = profile_KFR_L									
x.Comments= {									
	};								
x.BFs= [   									
	250	500	1000	2000	4000	6000	8000		
	];								
x.LongTone= [ 									
	22.89	27.39	45.70	43.83	9.13	NaN	36.18		
	];								
x.ShortTone= [ 									
	31.13	32.62	52.79	47.56	15.48	NaN	38.55		
	];								
x.IFMCFreq= [									
	250	500	1000	2000	4000	6000	8000		
	];								
x.MaskerRatio=[    									
	0.5	0.7	0.9	1	1.1	1.3	1.6		
	];								
x.IFMCs=[									
	NaN	NaN	NaN	NaN	NaN	NaN	NaN		
	34.46	37.02	61.89	49.69	35.91	19.52	NaN		
	34.43	32.88	60.38	49.30	24.48	25.98	NaN		
	36.48	37.86	58.21	50.43	22.39	28.93	NaN		
	33.52	42.57	57.81	48.20	24.90	36.53	NaN		
	39.55	51.43	56.36	42.18	24.83	36.28	NaN		
	NaN	NaN	NaN	NaN	NaN	NaN	NaN		
	];								
x.IFMCs= x.IFMCs';									
x.Gaps= [									
	0.01	0.02	0.03	0.04	0.05	0.06	0.07	0.08	0.09
	];								
x.TMCFreq= [									
	250	500	1000	2000	4000	6000	8000		
	];								
x.TMC= [									
	NaN	NaN	NaN	NaN	NaN	NaN	NaN		
	34.09	43.28	58.69	56.18	27.01	38.87	NaN		
	NaN	NaN	NaN	NaN	NaN	NaN	NaN		
	42.75	53.42	62.64	58.55	31.16	42.32	NaN		
	38.96	52.00	61.75	55.51	36.37	42.84	NaN		
	42.96	52.58	64.41	60.32	29.78	47.09	NaN		
	NaN	NaN	NaN	NaN	NaN	NaN	NaN		
	45.37	52.16	66.00	63.94	40.02	49.02	NaN		
	NaN	NaN	NaN	NaN	NaN	NaN	NaN		
	];								
x.TMC = x.TMC';									
