function x = profile_RME_R									
x.Comments= {									
	};								
x.BFs= [   									
	250	500	1000	2000	4000	6000	8000		
	];								
x.LongTone= [ 									
	15.54	16.00	10.73	17.19	46.40	65.47	NaN		
	];								
x.ShortTone= [ 									
	26.03	21.90	17.00	24.15	49.81	67.01	NaN		
	];								
x.IFMCFreq= [									
	250	500	1000	2000	4000	6000	8000		
	];								
x.MaskerRatio=[    									
	0.5	0.7	0.9	1	1.1	1.3	1.6		
	];								
x.IFMCs=[									
	NaN	NaN	NaN	NaN	NaN	NaN	NaN		
	40.54	40.68	44.44	40.85	58.44	69.21	NaN		
	34.69	32.85	31.31	32.30	57.38	72.93	NaN		
	28.23	33.82	19.35	29.03	57.07	79.20	NaN		
	28.21	30.40	22.71	46.27	62.25	73.73	NaN		
	36.05	33.98	28.72	46.39	68.50	92.34	NaN		
	NaN	NaN	NaN	NaN	NaN	NaN	NaN		
	];								
x.IFMCs= x.IFMCs';									
x.Gaps= [									
	0.01	0.02	0.03	0.04	0.05	0.06	0.07	0.08	0.09
	];								
x.TMCFreq= [									
	250	500	1000	2000	4000	6000	8000		
	];								
x.TMC= [									
	NaN	NaN	NaN	NaN	NaN	NaN	NaN		
	NaN	NaN	23.17	40.35	62.80	75.49	NaN		
	NaN	NaN	NaN	NaN	NaN	NaN	NaN		
	NaN	NaN	NaN	NaN	NaN	NaN	NaN		
	NaN	NaN	43.88	58.54	76.99	85.04	NaN		
	NaN	NaN	NaN	NaN	NaN	NaN	NaN		
	NaN	NaN	NaN	NaN	NaN	NaN	NaN		
	NaN	NaN	54.60	86.15	90.73	94.20	NaN		
	NaN	NaN	NaN	NaN	NaN	NaN	NaN		
	];								
x.TMC = x.TMC';									
