function x = profile_INE_L									
x.Comments= {									
	};								
x.BFs= [   									
	250	500	1000	2000	4000	6000	8000		
	];								
x.LongTone= [ 									
	9.18	1.81	-0.76	2.50	31.74	34.24	36.33		
	];								
x.ShortTone= [ 									
	20.38	14.24	9.73	11.25	33.99	37.91	39.42		
	];								
x.IFMCFreq= [									
	250	500	1000	2000	4000	6000	8000		
	];								
x.MaskerRatio=[    									
	0.5	0.7	0.9	1	1.1	1.3	1.6		
	];								
x.IFMCs=[									
	NaN	NaN	NaN	NaN	NaN	NaN	82.35		
	31.87	34.89	26.80	55.69	55.59	68.62	75.27		
	27.25	26.85	23.01	21.11	52.03	54.27	64.94		
	26.57	18.11	17.63	15.10	44.25	44.23	42.46		
	23.74	28.02	14.04	8.55	42.82	49.38	52.28		
	27.66	34.54	30.03	44.61	48.07	40.08	49.25		
	NaN	NaN	NaN	NaN	NaN	NaN	91.67		
	];								
x.IFMCs= x.IFMCs';									
x.Gaps= [									
	0.01	0.02	0.03	0.04	0.05	0.06	0.07	0.08	0.09
	];								
x.TMCFreq= [									
	250	500	1000	2000	4000	6000	8000		
	];								
x.TMC= [									
	NaN	NaN	NaN	NaN	NaN	NaN	NaN		
	4.24	23.87	19.96	23.70	45.33	48.85	72.62		
	NaN	NaN	NaN	NaN	NaN	NaN	NaN		
	NaN	NaN	NaN	NaN	NaN	NaN	76.46		
	4.03	33.85	35.18	34.71	52.17	55.86	87.52		
	NaN	NaN	NaN	NaN	NaN	NaN	93.73		
	NaN	NaN	NaN	NaN	NaN	NaN	NaN		
	36.18	47.41	44.04	46.36	59.79	67.12	93.68		
	NaN	NaN	NaN	NaN	NaN	NaN	NaN		
	];								
x.TMC = x.TMC';									
