function x = profile_MRO_L									
x.BFs= [   									
	250	500	1000	2000	4000	6000	8000		
	];								
x.LongTone= [ 									
	12.61	7.96	4.83	11.20	-3.30	NaN	17.33		
	];								
x.ShortTone= [ 									
	22.08	18.87	12.01	15.56	2.89	NaN	28.33		
	];								
x.IFMCFreq= [									
	250	500	1000	2000	4000	6000	8000		
	];								
x.MaskerRatio=[    									
	0.5	0.7	0.9	1	1.1	1.3	1.6		
	];								
x.IFMCs=[									
	NaN	NaN	NaN	NaN	NaN	NaN	NaN		
	37.17	37.47	40.26	54.01	50.01	38.18	NaN		
	32.76	30.83	28.66	42.27	22.44	25.67	NaN		
	30.24	27.49	18.79	26.24	16.59	20.26	NaN		
	28.69	26.49	26.36	32.20	19.63	31.60	NaN		
	34.17	38.18	28.71	40.76	28.04	46.00	NaN		
	NaN	NaN	NaN	NaN	NaN	NaN	NaN		
	];								
x.IFMCs= x.IFMCs';									
x.Gaps= [									
	0.01	0.02	0.03	0.04	0.05	0.06	0.07	0.08	0.09
	];								
x.TMCFreq= [									
	250	500	1000	2000	4000	6000	8000		
	];								
x.TMC= [									
	NaN	NaN	NaN	NaN	NaN	NaN	NaN		
	48.44	39.19	25.14	51.31	33.65	34.17	NaN		
	NaN	NaN	NaN	NaN	NaN	NaN	NaN		
	59.23	56.73	42.78	53.64	50.39	56.90	NaN		
	59.23	56.73	42.78	53.64	50.39	56.90	NaN		
	NaN	NaN	NaN	NaN	NaN	NaN	NaN		
	NaN	NaN	NaN	NaN	NaN	NaN	NaN		
	77.19	81.36	72.75	100.00	73.19	100.00	NaN		
	NaN	NaN	NaN	NaN	NaN	NaN	NaN		
	];								
x.TMC = x.TMC';									
