function x = profile_CTA_R									
x.Comments= {									
	};								
x.BFs= [   									
	250	500	1000	2000	4000	6000	8000		
	];								
x.LongTone= [ 									
	6.32	8.56	11.50	6.12	-2.54	NaN	11.84		
	];								
x.ShortTone= [ 									
	21.29	16.50	21.60	18.89	6.49	NaN	20.84		
	];								
x.IFMCFreq= [									
	250	500	1000	2000	4000	6000	8000		
	];								
x.MaskerRatio=[    									
	0.5	0.7	0.9	1	1.1	1.3	1.6		
	];								
x.IFMCs=[									
	NaN	NaN	NaN	NaN	NaN	NaN	NaN		
	28.23	31.42	60.89	71.89	55.04	56.27	59.92		
	28.24	27.09	39.23	47.36	14.00	24.67	42.76		
	27.29	23.23	28.65	25.84	11.27	19.49	28.45		
	29.71	19.35	36.48	41.18	31.81	35.14	42.64		
	31.14	38.08	61.23	63.67	48.34	48.77	45.48		
	NaN	NaN	NaN	NaN	NaN	NaN	NaN		
	];								
x.IFMCs= x.IFMCs';									
x.Gaps= [									
	0.01	0.02	0.03	0.04	0.05	0.06	0.07	0.08	0.09
	];								
x.TMCFreq= [									
	250	500	1000	2000	4000	6000	8000		
	];								
x.TMC= [									
	NaN	NaN	NaN	NaN	NaN	NaN	NaN		
	33.51	28.87	37.83	36.51	13.97	27.76	NaN		
	NaN	NaN	NaN	NaN	NaN	NaN	NaN		
	NaN	NaN	NaN	NaN	NaN	NaN	NaN		
	50.45	36.40	59.75	56.73	47.05	44.88	NaN		
	NaN	NaN	NaN	NaN	NaN	NaN	NaN		
	NaN	NaN	NaN	NaN	NaN	NaN	NaN		
	61.61	52.12	74.17	74.92	71.31	65.89	NaN		
	NaN	NaN	NaN	NaN	NaN	NaN	NaN		
	];								
x.TMC = x.TMC';									
