function x = profile_JSI_L									
x.Comments= {									
	};								
x.BFs= [   									
	250	500	1000	2000	4000	6000	8000		
	];								
x.LongTone= [ 									
	12.92	10.28	6.98	3.44	5.42	10.55	23.77		
	];								
x.ShortTone= [ 									
	20.97	15.91	11.68	9.79	9.15	15.65	29.15		
	];								
x.IFMCFreq= [									
	250	500	1000	2000	4000	6000	8000		
	];								
x.MaskerRatio=[    									
	0.5	0.7	0.9	1	1.1	1.3	1.6		
	];								
x.IFMCs=[									
	NaN	54.93	65.38	70.21	NaN	71.31	67.73		
	NaN	49.55	50.96	61.05	NaN	65.04	68.34		
	NaN	29.59	28.48	27.65	NaN	49.02	42.19		
	NaN	28.43	22.19	16.99	NaN	23.64	38.41		
	NaN	23.10	28.90	28.19	NaN	50.22	60.07		
	NaN	31.01	39.46	56.70	NaN	68.46	66.14		
	NaN	44.55	79.13	52.14	NaN	90.16	NaN		
	];								
x.IFMCs= x.IFMCs';									
x.Gaps= [									
	0.01	0.02	0.03	0.04	0.05	0.06	0.07	0.08	0.09
	];								
x.TMCFreq= [									
	250	500	1000	2000	4000	6000	8000		
	];								
x.TMC= [									
	NaN	NaN	NaN	NaN	NaN	NaN	NaN		
	NaN	NaN	NaN	34.72	29.41	25.57	37.60		
	NaN	NaN	NaN	NaN	NaN	NaN	NaN		
	NaN	NaN	NaN	64.59	53.73	52.54	73.32		
	NaN	NaN	NaN	64.62	63.61	60.11	70.08		
	NaN	NaN	NaN	87.50	75.20	70.96	81.31		
	NaN	NaN	NaN	NaN	NaN	NaN	NaN		
	NaN	NaN	NaN	NaN	74.45	60.83	NaN		
	NaN	NaN	NaN	NaN	NaN	NaN	NaN		
	];								
x.TMC = x.TMC';									
