function x = profile_RMEaided_R									
x.Comments= {									
	};								
x.BFs= [   									
	250	500	1000	2000	4000	8000		
	];								
x.LongTone= [ 									
	6.67	2.54	3.24	-4.72	13.23		81.01	
	];								
x.ShortTone= [ 									
	23.47	8.86	13.99	3.30	19.31		81.71	
	];								
x.IFMCFreq= [									
		500	1000	2000	4000			
	];								
x.MaskerRatio=[    									
	0.5	0.7	0.9	1	1.1	1.3	1.6		
	];								
x.IFMCs=[									
		36.06	43.59	66.14	67.79	
		27.92	44.06	32.31	51.31
		18.74	38.30	16.25	31.66	
		17.07	25.15	12.83	30.68	
		14.03	29.68	21.71	31.98	
		24.44	28.99	48.23	51.76
		47.71	42.11	70.51	68.59		
	];								
x.IFMCs= x.IFMCs';									
x.Gaps= [									
	0.01	0.03	0.05	0.07	0.09
	];								
x.TMCFreq= [									
	250	500	1000	2000	4000			
	];								
x.TMC= [									
	29.01	14.80	28.74	14.17	30.39			
	50.94	28.90	57.73	23.07	40.18		
	59.58	30.33	53.36	30.28	50.48		
	69.43	39.26	73.97	59.90	66.06		
	62.09	51.58	NaN     62.29	93.64			
	];								
x.TMC = x.TMC';									
