function x = profile_RSM_L									
x.Comments= {									
	};								
x.BFs= [   									
	250	500	1000	2000	4000	6000	8000		
	];								
x.LongTone= [ 									
	58.89	52.04	25.80	8.48	21.15	28.03	57.30		
	];								
x.ShortTone= [ 									
	62.98	59.01	29.25	14.23	23.78	34.43	59.65		
	];								
x.IFMCFreq= [									
	250	500	1000	2000	4000	6000	8000		
	];								
x.MaskerRatio=[    									
	0.5	0.7	0.9	1	1.1	1.3	1.6		
	];								
x.IFMCs=[									
	81.35	81.87	64.17	72.16	48.97	24.35	59.99		
	79.08	79.05	51.73	54.14	19.86	33.87	55.18		
	75.63	75.63	39.67	25.41	36.25	30.83	57.87		
	76.05	75.12	34.47	16.20	31.25	36.96	58.97		
	76.60	61.12	25.79	23.78	34.34	53.26	63.15		
	76.57	67.19	41.41	61.86	46.17	53.57	70.59		
	75.56	68.15	64.64	36.37	43.46	76.69	NaN		
	];								
x.IFMCs= x.IFMCs';									
x.Gaps= [									
	0.01	0.02	0.03	0.04	0.05	0.06	0.07	0.08	0.09
	];								
x.TMCFreq= [									
	250	500	1000	2000	4000	6000	8000		
	];								
x.TMC= [									
	NaN	NaN	NaN	NaN	NaN	NaN	NaN		
	70.52	74.08	34.86	34.39	27.71	49.14	62.00		
	NaN	NaN	NaN	NaN	NaN	NaN	NaN		
	69.35	67.45	52.81	39.55	33.10	47.88	60.43		
	66.60	68.47	51.68	28.18	38.70	57.66	75.68		
	83.61	74.19	73.19	48.35	47.38	59.31	73.50		
	NaN	NaN	NaN	NaN	NaN	NaN	NaN		
	63.28	62.23	92.58	67.10	58.04	56.24	75.58		
	NaN	NaN	NaN	NaN	NaN	NaN	NaN		
	];								
x.TMC = x.TMC';									
