function x = profile_VMA_L									
x.Comments= {									
	};								
x.BFs= [   									
	250	500	1000	2000	4000	6000	8000		
	];								
x.LongTone= [ 									
	7.84	9.39	2.56	-2.91	0.06	7.73	18.30		
	];								
x.ShortTone= [ 									
	22.08	18.11	11.51	6.61	8.26	15.01	25.26		
	];								
x.IFMCFreq= [									
	250	500	1000	2000	4000	6000	8000		
	];								
x.MaskerRatio=[    									
	0.5	0.7	0.9	1	1.1	1.3	1.6		
	];								
x.IFMCs=[									
	NaN	NaN	NaN	NaN	NaN	NaN	NaN		
	43.57	31.94	14.76	11.56	16.35	16.30	NaN		
	35.16	23.83	16.12	9.19	9.73	16.68	NaN		
	34.47	23.74	12.51	7.93	11.45	15.56	NaN		
	33.52	19.49	13.29	1.38	14.06	11.89	NaN		
	31.54	17.48	12.44	11.27	14.14	22.68	NaN		
	NaN	NaN	NaN	NaN	NaN	NaN	NaN		
	];								
x.IFMCs= x.IFMCs';									
x.Gaps= [									
	0.01	0.02	0.03	0.04	0.05	0.06	0.07	0.08	0.09
	];								
x.TMCFreq= [									
	250	500	1000	2000	4000	6000	8000		
	];								
x.TMC= [									
	NaN	NaN	NaN	NaN	NaN	NaN	NaN		
	39.39	32.84	21.71	17.80	16.33	20.67	NaN		
	NaN	NaN	NaN	NaN	NaN	NaN	NaN		
	49.14	37.09	22.72	22.49	24.24	26.68	NaN		
	56.72	40.35	24.76	20.62	30.48	26.60	NaN		
	56.32	41.25	28.88	29.85	34.62	30.15	NaN		
	NaN	NaN	NaN	NaN	NaN	NaN	NaN		
	60.09	48.84	32.36	31.27	42.62	39.52	NaN		
	NaN	NaN	NaN	NaN	NaN	NaN	NaN		
	];								
x.TMC = x.TMC';									
