function x = profile_GJO_R									
x.Comments= {									
	};								
x.BFs= [   									
	250	500	1000	2000	4000	6000	8000		
	];								
x.LongTone= [ 									
	10.29	5.42	2.32	13.30	37.27	20.45	38.61		
	];								
x.ShortTone= [ 									
	18.47	17.76	12.92	18.47	38.50	23.91	37.19		
	];								
x.IFMCFreq= [									
	250	500	1000	2000	4000	6000	8000		
	];								
x.MaskerRatio=[    									
	0.5	0.7	0.9	1	1.1	1.3	1.6		
	];								
x.IFMCs=[									
	NaN	47.98	48.86	52.84	78.70	63.57	72.87		
	NaN	43.74	42.25	54.17	61.70	63.51	71.36		
	NaN	27.02	30.60	29.34	53.50	42.78	72.14		
	NaN	22.97	19.84	26.54	50.98	34.19	51.86		
	NaN	27.06	21.94	21.93	57.34	63.05	58.45		
	NaN	36.97	33.92	15.73	80.30	80.86	84.70		
	NaN	60.38	64.48	38.10	91.20	90.09	NaN		
	];								
x.IFMCs= x.IFMCs';									
x.Gaps= [									
	0.01	0.02	0.03	0.04	0.05	0.06	0.07	0.08	0.09
	];								
x.TMCFreq= [									
	250	500	1000	2000	4000	6000	8000		
	];								
x.TMC= [									
	NaN	NaN	NaN	NaN	NaN	NaN	NaN		
	NaN	29.37	22.75	28.74	48.87	35.16	51.48		
	NaN	NaN	NaN	NaN	NaN	NaN	NaN		
	NaN	26.87	29.55	30.89	49.98	45.55	54.55		
	NaN	28.51	27.43	31.40	50.80	36.52	58.12		
	NaN	27.72	18.81	26.02	51.79	45.19	58.34		
	NaN	NaN	NaN	NaN	NaN	NaN	NaN		
	NaN	29.12	27.38	30.22	48.90	38.17	54.92		
	NaN	NaN	NaN	NaN	NaN	NaN	NaN		
	];								
x.TMC = x.TMC';									
