function x = profile_SRA_L									
x.Comments= {									
	};								
x.BFs= [   									
	250	500	1000	2000	4000	6000	8000		
	];								
x.LongTone= [ 									
	7.70	1.00	-1.15	3.80	-2.40	NaN	11.30		
	];								
x.ShortTone= [ 									
	21.25	16.42	16.99	20.01	15.86	NaN	22.50		
	];								
x.IFMCFreq= [									
	250	500	1000	2000	4000	6000	8000		
	];								
x.MaskerRatio=[    									
	0.5	0.7	0.9	1	1.1	1.3	1.6		
	];								
x.IFMCs=[									
	NaN	52.09	59.17	62.45	59.48	70.30	63.82		
	NaN	37.91	44.97	49.72	35.49	57.91	56.96		
	NaN	29.62	40.38	37.53	22.46	47.19	33.23		
	NaN	28.32	31.79	30.28	19.94	37.52	26.96		
	NaN	30.66	38.72	37.60	23.37	38.86	52.21		
	NaN	41.80	54.53	45.12	39.23	47.77	62.58		
	NaN	54.54	64.82	55.74	29.15	38.59	52.86		
	];								
x.IFMCs= x.IFMCs';									
x.Gaps= [									
	0.01	0.02	0.03	0.04	0.05	0.06	0.07	0.08	0.09
	];								
x.TMCFreq= [									
	250	500	1000	2000	4000	6000	8000		
	];								
x.TMC= [									
	NaN	30.71	23.83	50.13	26.59	43.04	NaN		
	NaN	46.59	38.17	54.43	27.12	47.01	NaN		
	NaN	60.74	50.89	65.11	52.84	54.32	NaN		
	NaN	73.81	52.59	67.26	64.44	71.84	NaN		
	NaN	81.09	62.57	80.45	84.90	79.33	NaN		
	NaN	84.03	70.60	76.76	NaN	87.15	NaN		
	NaN	NaN	77.28	83.21	90.82	87.19	NaN		
	NaN	86.94	71.49	83.64	NaN	NaN	NaN		
	NaN	94.14	81.27	86.47	NaN	NaN	NaN		
	];								
x.TMC = x.TMC';									
