function x = profile_CWA_L_aided_Aug12									
x.Comments= {									
	};								
x.BFs= [   									
	250	500	1000	2000	4000	6000	8000		
	];								
x.LongTone= [ 									
	14.39	14.93	17.93	19.87	22.36	NaN	28.06		
	];								
x.ShortTone= [ 									
	21.20	21.80	22.10	25.16	27.52	NaN	32.25		
	];								
x.IFMCFreq= [									
	250	500	1000	2000	4000	6000	8000		
	];								
x.MaskerRatio=[    									
	0.5	0.7	0.9	1	1.1	1.3	1.6		
	];								
x.IFMCs=[									
	NaN	31.95	45.87	56.63	52.94	NaN	NaN		
	NaN	25.59	29.18	44.61	39.86	NaN	NaN		
	NaN	25.73	26.07	28.99	31.39	NaN	NaN		
	NaN	26.05	27.55	29.66	32.77	NaN	NaN		
	NaN	26.37	28.30	25.21	31.33	NaN	NaN		
	NaN	27.67	35.29	26.55	38.73	NaN	NaN		
	NaN	28.20	33.43	32.52	34.60	NaN	NaN		
	];								
x.IFMCs= x.IFMCs';									
x.Gaps= [									
	0.01	0.02	0.03	0.04	0.05	0.06	0.07	0.08	0.09
	];								
x.TMCFreq= [									
	250	500	1000	2000	4000	6000	8000		
	];								
x.TMC= [									
	NaN	25.93	29.85	30.36	33.16	NaN	NaN		
	NaN	NaN	NaN	NaN	NaN	NaN	NaN		
	NaN	30.69	32.71	34.12	38.66	NaN	NaN		
	NaN	NaN	NaN	NaN	NaN	NaN	NaN		
	NaN	42.08	41.29	48.96	53.32	NaN	NaN		
	NaN	NaN	NaN	NaN	NaN	NaN	NaN		
	NaN	46.45	54.01	58.65	56.73	NaN	NaN		
	NaN	NaN	NaN	NaN	NaN	NaN	NaN		
	NaN	50.77	58.68	63.98	68.92	NaN	NaN		
	];								
x.TMC = x.TMC';									
