function x = profile_SJO_L									
x.Comments= {									
	};								
x.BFs= [   									
	250	500	1000   1500	2000	4000	6000	8000		
	];								
x.LongTone= [ 									
	40.47	38.88	52.12   85.4	NaN	NaN	NaN	NaN		
	];								
x.ShortTone= [ 									
	45.70	45.87	59.27  89.4	NaN	NaN	NaN	NaN		
	];								
x.IFMCFreq= [									
	250	500	1000	2000	4000	6000	8000		
	];								
x.MaskerRatio=[    									
	0.5	0.7	0.9	1	1.1	1.3	1.6		
	];								
x.IFMCs=[									
	57.83	76.76	81.86	NaN	NaN	NaN	NaN		
	53.18	65.92	70.88	NaN	NaN	NaN	NaN		
	52.98	57.50	65.47	NaN	NaN	NaN	NaN		
	51.55	54.74	67.57	NaN	NaN	NaN	NaN		
	54.33	55.36	74.97	NaN	NaN	NaN	NaN		
	52.98	62.68	82.64	NaN	NaN	NaN	NaN		
	60.62	76.61	NaN	NaN	NaN	NaN	NaN		
	];								
x.IFMCs= x.IFMCs';									
x.Gaps= [									
	0.01	0.02	0.03	0.04	0.05	0.06	0.07	0.08	0.09
	];								
x.TMCFreq= [									
	250	500	1000	2000	4000	6000	8000		
	];								
x.TMC= [									
	NaN	NaN	NaN	NaN	NaN	NaN	NaN		
	62.53	56.25	69.92	NaN	NaN	NaN	NaN		
	NaN	NaN	NaN	NaN	NaN	NaN	NaN		
	60.58	55.04	71.80	NaN	NaN	NaN	NaN		
	62.24	55.77	72.27	NaN	NaN	NaN	NaN		
	62.97	54.63	73.63	NaN	NaN	NaN	NaN		
	NaN	NaN	NaN	NaN	NaN	NaN	NaN		
	61.29	56.57	75.94	NaN	NaN	NaN	NaN		
	NaN	NaN	NaN	NaN	NaN	NaN	NaN		
	];								
x.TMC = x.TMC';									
