function x = profile_BME_L									
x.Comments= {									
	};								
x.BFs= [   									
	250	500	1000	2000	4000	6000	8000		
	];								
x.LongTone= [ 									
	14.91	19.24	13.97	12.25	11.08	15.83	29.38		
	];								
x.ShortTone= [ 									
	33.29	32.00	23.94	25.60	21.08	32.09	43.64		
	];								
x.IFMCFreq= [									
	250	500	1000	2000	4000	6000	8000		
	];								
x.MaskerRatio=[    									
	0.5	0.7	0.9	1	1.1	1.3	1.6		
	];								
x.IFMCs=[									
	NaN	41.82	48.58	55.82	70.28	76.73	NaN		
	NaN	44.13	48.51	48.52	58.02	73.35	NaN		
	NaN	38.48	37.53	41.68	30.81	56.18	NaN		
	NaN	38.62	29.57	32.41	30.26	38.66	NaN		
	NaN	42.76	47.79	42.70	38.87	37.64	NaN		
	NaN	47.86	59.12	50.75	42.56	52.24	NaN		
	NaN	64.04	69.61	66.11	52.13	66.77	NaN		
	];								
x.IFMCs= x.IFMCs';									
x.Gaps= [									
	0.01	0.02	0.03	0.04	0.05	0.06	0.07	0.08	0.09
	];								
x.TMCFreq= [									
	250	500	1000	2000	4000	6000	8000		
	];								
x.TMC= [									
	NaN	NaN	NaN	NaN	34.75	NaN	NaN		
	NaN	NaN	NaN	NaN	38.19	NaN	NaN		
	NaN	NaN	NaN	NaN	52.57	NaN	NaN		
	NaN	NaN	NaN	NaN	47.97	NaN	NaN		
	NaN	NaN	NaN	NaN	46.45	NaN	NaN		
	NaN	NaN	NaN	NaN	58.45	NaN	NaN		
	NaN	NaN	NaN	NaN	67.79	NaN	NaN		
	NaN	NaN	NaN	NaN	69.44	NaN	NaN		
	NaN	NaN	NaN	NaN	45.85	NaN	NaN		
	];								
x.TMC = x.TMC';									
