function x = profile_MNO_L									
x.Comments= {									
	};								
x.BFs= [   									
	250	500	1000	2000	4000	6000	8000		
	];								
x.LongTone= [ 									
	30.31	29.43	64.54	110.00	110.00	NaN	110.00		
	];								
x.ShortTone= [ 									
	34.18	44.36	70.39	110.00	NaN	NaN	NaN		
	];								
x.IFMCFreq= [									
	250	500	1000	2000	4000	6000	8000		
	];								
x.MaskerRatio=[    									
	0.5	0.7	0.9	1	1.1	1.3	1.6		
	];								
x.IFMCs=[									
	49.93	62.18	50.84	NaN	NaN	NaN	NaN		
	46.82	59.39	56.86	NaN	NaN	NaN	NaN		
	43.85	58.90	57.82	NaN	NaN	NaN	NaN		
	41.55	59.45	77.11	NaN	NaN	NaN	NaN		
	47.60	60.08	86.01	NaN	NaN	NaN	NaN		
	55.21	71.28	62.77	NaN	NaN	NaN	NaN		
	46.07	90.32	NaN	NaN	NaN	NaN	NaN		
	];								
x.IFMCs= x.IFMCs';									
x.Gaps= [									
	0.01	0.02	0.03	0.04	0.05	0.06	0.07	0.08	0.09
	];								
x.TMCFreq= [									
	250	500	1000	2000	4000	6000	8000		
	];								
x.TMC= [									
	NaN	NaN	NaN	NaN	NaN	NaN	NaN		
	NaN	65.02	NaN	NaN	NaN	NaN	NaN		
	NaN	NaN	NaN	NaN	NaN	NaN	NaN		
	NaN	68.72	NaN	NaN	NaN	NaN	NaN		
	NaN	72.87	NaN	NaN	NaN	NaN	NaN		
	NaN	72.00	NaN	NaN	NaN	NaN	NaN		
	NaN	NaN	NaN	NaN	NaN	NaN	NaN		
	NaN	77.08	NaN	NaN	NaN	NaN	NaN		
	NaN	NaN	NaN	NaN	NaN	NaN	NaN		
	];								
x.TMC = x.TMC';									
