function x = profile_PTO_R									
x.Comments= {									
	};								
x.BFs= [   									
	250	500	1000	2000	4000	6000	8000		
	];								
x.LongTone= [ 									
	49.20	71.94	80.05	NaN	NaN	NaN	NaN		
	];								
x.ShortTone= [ 									
	64.70	75.33	83.80	NaN	NaN	NaN	NaN		
	];								
x.IFMCFreq= [									
	250	500	1000	2000	4000	6000	8000		
	];								
x.MaskerRatio=[    									
	0.5	0.7	0.9	1	1.1	1.3	1.6		
	];								
x.IFMCs=[									
	70.51	68.77	NaN	NaN	NaN	NaN	NaN		
	66.53	74.46	NaN	NaN	NaN	NaN	NaN		
	65.59	84.88	NaN	NaN	NaN	NaN	NaN		
	65.58	88.35	NaN	NaN	NaN	NaN	NaN		
	64.91	91.42	NaN	NaN	NaN	NaN	NaN		
	70.94	NaN	NaN	NaN	NaN	NaN	NaN		
	83.55	NaN	NaN	NaN	NaN	NaN	NaN		
	];								
x.IFMCs= x.IFMCs';									
x.Gaps= [									
	0.01	0.02	0.03	0.04	0.05	0.06	0.07	0.08	0.09
	];								
x.TMCFreq= [									
	250	500	1000	2000	4000	6000	8000		
	];								
x.TMC= [									
	71.59	88.48	NaN	NaN	NaN	NaN	NaN		
	75.34	91.92	NaN	NaN	NaN	NaN	NaN		
	79.24	93.40	NaN	NaN	NaN	NaN	NaN		
	78.34	93.18	NaN	NaN	NaN	NaN	NaN		
	79.64	NaN	NaN	NaN	NaN	NaN	NaN		
	84.96	96.34	NaN	NaN	NaN	NaN	NaN		
	82.41	NaN	NaN	NaN	NaN	NaN	NaN		
	83.86	NaN	NaN	NaN	NaN	NaN	NaN		
	85.65	NaN	NaN	NaN	NaN	NaN	NaN		
	];								
x.TMC = x.TMC';									
