function x = profile_LKE_L									
x.Comments= {									
	};								
x.BFs= [   									
	250	500	1000	2000	4000	6000	8000		
	];								
x.LongTone= [ 									
	50.78	44.94	55.26	53.97	39.77	46.81	72.94		
	];								
x.ShortTone= [ 									
	60.82	57.78	57.54	57.14	50.49	54.35	75.35		
	];								
x.IFMCFreq= [									
	250	500	1000	2000	4000	6000	8000		
	];								
x.MaskerRatio=[    									
	0.5	0.7	0.9	1	1.1	1.3	1.6		
	];								
x.IFMCs=[									
	86.50	79.92	83.10	87.03	82.50	NaN	NaN		
	85.37	79.27	86.33	82.76	66.28	NaN	NaN		
	75.47	71.37	75.54	70.74	53.40	NaN	NaN		
	67.67	65.58	74.01	65.76	51.67	NaN	NaN		
	68.91	70.81	72.96	74.57	58.98	NaN	NaN		
	84.25	83.50	84.62	81.82	68.61	NaN	NaN		
	92.51	88.88	89.72	90.01	69.61	NaN	NaN		
	];								
x.IFMCs= x.IFMCs';									
x.Gaps= [									
	0.01	0.02	0.03	0.04	0.05	0.06	0.07	0.08	0.09
	];								
x.TMCFreq= [									
	250	500	1000	2000	4000	6000	8000		
	];								
x.TMC= [									
	NaN	NaN	NaN	NaN	NaN	NaN	NaN		
	NaN	NaN	NaN	NaN	NaN	NaN	NaN		
	NaN	NaN	NaN	NaN	NaN	NaN	NaN		
	NaN	NaN	NaN	NaN	NaN	NaN	NaN		
	NaN	NaN	NaN	NaN	NaN	NaN	NaN		
	NaN	NaN	NaN	NaN	NaN	NaN	NaN		
	NaN	NaN	NaN	NaN	NaN	NaN	NaN		
	NaN	NaN	NaN	NaN	NaN	NaN	NaN		
	NaN	NaN	NaN	NaN	NaN	NaN	NaN		
	];								
x.TMC = x.TMC';									
