function x = profile_JDO_R									
x.Comments= {									
	};								
x.BFs= [   									
	250	500	1000	2000	4000	6000	8000		
	];								
x.LongTone= [ 									
	26.62	26.95	48.12	42.41	63.46	78.75	NaN		
	];								
x.ShortTone= [ 									
	34.80	35.20	51.53	46.35	65.27	79.65	NaN		
	];								
x.IFMCFreq= [									
	250	500	1000	2000	4000	6000	8000		
	];								
x.MaskerRatio=[    									
	0.5	0.7	0.9	1	1.1	1.3	1.6		
	];								
x.IFMCs=[									
	NaN	67.88	73.11	64.24	75.13	NaN	NaN		
	NaN	60.10	63.61	65.36	78.11	NaN	NaN		
	NaN	48.08	58.81	56.37	77.10	NaN	NaN		
	NaN	45.06	58.46	55.96	77.19	NaN	NaN		
	NaN	48.18	61.58	57.31	78.93	NaN	NaN		
	NaN	60.81	67.02	67.06	NaN	NaN	NaN		
	NaN	69.54	68.01	64.32	NaN	NaN	NaN		
	];								
x.IFMCs= x.IFMCs';									
x.Gaps= [									
	0.01	0.02	0.03	0.04	0.05	0.06	0.07	0.08	0.09
	];								
x.TMCFreq= [									
	250	500	1000	2000	4000	6000	8000		
	];								
x.TMC= [									
	NaN	NaN	NaN	NaN	NaN	NaN	NaN		
	NaN	NaN	66.48	62.65	82.53	87.79	NaN		
	NaN	NaN	NaN	NaN	NaN	NaN	NaN		
	NaN	NaN	71.17	65.97	87.52	89.19	NaN		
	NaN	NaN	76.26	71.74	89.29	88.40	NaN		
	NaN	NaN	79.04	72.27	92.83	NaN	NaN		
	NaN	NaN	NaN	NaN	NaN	NaN	NaN		
	NaN	NaN	79.86	88.98	NaN	NaN	NaN		
	NaN	NaN	NaN	NaN	NaN	NaN	NaN		
	];								
x.TMC = x.TMC';									
