function x = profile_DHE_R									
x.Comments= {									
	};								
x.BFs= [   									
	250	500	1000	2000	4000	6000	8000		
	];								
x.LongTone= [ 									
	18.35	25.62	36.37	58.39	66.71	NaN	NaN		
	];								
x.ShortTone= [ 									
	29.01	35.16	40.67	62.43	71.04	NaN	NaN		
	];								
x.IFMCFreq= [									
	250	500	1000	2000	4000	6000	8000		
	];								
x.MaskerRatio=[    									
	0.5	0.7	0.9	1	1.1	1.3	1.6		
	];								
x.IFMCs=[									
	NaN	53.26	33.07	NaN	NaN	NaN	NaN		
	NaN	44.96	37.38	NaN	NaN	NaN	NaN		
	NaN	27.13	34.56	55.84	NaN	NaN	NaN		
	NaN	30.62	40.00	62.06	NaN	NaN	NaN		
	NaN	33.89	44.66	65.89	NaN	NaN	NaN		
	NaN	42.45	42.29	60.25	NaN	NaN	NaN		
	NaN	35.91	52.55	NaN	NaN	NaN	NaN		
	];								
x.IFMCs= x.IFMCs';									
x.Gaps= [									
	0.01	0.02	0.03	0.04	0.05	0.06	0.07	0.08	0.09
	];								
x.TMCFreq= [									
	250	500	1000	2000	4000	6000	8000		
	];								
x.TMC= [									
	NaN	NaN	NaN	NaN	NaN	NaN	NaN		
	NaN	NaN	NaN	NaN	NaN	NaN	NaN		
	NaN	NaN	NaN	NaN	NaN	NaN	NaN		
	NaN	NaN	NaN	NaN	NaN	NaN	NaN		
	NaN	NaN	NaN	NaN	NaN	NaN	NaN		
	NaN	NaN	NaN	NaN	NaN	NaN	NaN		
	NaN	NaN	NaN	NaN	NaN	NaN	NaN		
	NaN	NaN	NaN	NaN	NaN	NaN	NaN		
	NaN	NaN	NaN	NaN	NaN	NaN	NaN		
	];								
x.TMC = x.TMC';									
