function x = profile_KJO_L									
x.Comments= {									
	};								
x.BFs= [   									
	250	500	1000	2000	4000	6000	8000		
	];								
x.LongTone= [ 									
	27.63	16.68	14.06	13.09	28.13	55.09	70.51		
	];								
x.ShortTone= [ 									
	32.30	21.44	19.78	15.64	33.90	60.99	73.68		
	];								
x.IFMCFreq= [									
	250	500	1000	2000	4000	6000	8000		
	];								
x.MaskerRatio=[    									
	0.5	0.7	0.9	1	1.1	1.3	1.6		
	];								
x.IFMCs=[									
	55.49	52.81	64.34	63.97	70.60	74.03	53.92		
	43.78	47.28	40.04	33.60	43.75	71.90	70.87		
	41.16	43.01	24.61	34.39	38.95	57.02	75.09		
	36.88	30.99	15.99	17.86	39.87	65.15	79.55		
	36.66	44.70	25.88	26.89	38.85	76.03	78.47		
	39.83	69.10	44.79	37.17	53.34	85.08	NaN		
	53.41	66.00	78.46	47.36	74.10	NaN	NaN		
	];								
x.IFMCs= x.IFMCs';									
x.Gaps= [									
	0.01	0.02	0.03	0.04	0.05	0.06	0.07	0.08	0.09
	];								
x.TMCFreq= [									
	250	500	1000	2000	4000	6000	8000		
	];								
x.TMC= [									
	NaN	NaN	NaN	NaN	NaN	NaN	NaN		
	43.40	41.72	32.09	27.79	41.83	64.04	80.05		
	NaN	NaN	NaN	NaN	NaN	NaN	NaN		
	52.19	50.96	36.56	32.75	43.50	65.51	80.89		
	51.38	51.80	38.20	34.92	43.93	65.51	81.54		
	53.18	58.18	44.08	31.77	45.93	63.01	81.14		
	NaN	NaN	NaN	NaN	NaN	NaN	NaN		
	55.32	57.92	41.37	33.35	43.81	65.21	83.17		
	NaN	NaN	NaN	NaN	NaN	NaN	NaN		
	];								
x.TMC = x.TMC';									
