function x = profile_VMA_R									
x.Comments= {									
	};								
x.BFs= [   									
	250	500	1000	2000	4000	6000	8000		
	];								
x.LongTone= [ 									
	26.15	24.42	13.42	7.40	3.50	9.94	27.38		
	];								
x.ShortTone= [ 									
	37.11	30.63	23.00	14.21	6.29	17.94	33.09		
	];								
x.IFMCFreq= [									
	250	500	1000	2000	4000	6000	8000		
	];								
x.MaskerRatio=[    									
	0.5	0.7	0.9	1	1.1	1.3	1.6		
	];								
x.IFMCs=[									
	NaN	NaN	34.64	26.15	19.62	10.23	NaN		
	49.73	48.75	31.64	24.44	15.45	12.91	NaN		
	47.46	38.16	24.45	27.29	10.59	17.72	NaN		
	41.72	34.70	23.05	18.40	10.41	19.62	NaN		
	45.44	28.78	18.77	16.70	17.77	31.03	NaN		
	40.21	28.78	16.74	20.05	19.97	35.06	NaN		
	NaN	NaN	23.27	21.41	9.40	29.12	NaN		
	];								
x.IFMCs= x.IFMCs';									
x.Gaps= [									
	0.01	0.02	0.03	0.04	0.05	0.06	0.07	0.08	0.09
	];								
x.TMCFreq= [									
	250	500	1000	2000	4000	6000	8000		
	];								
x.TMC= [									
	NaN	NaN	NaN	NaN	NaN	NaN	NaN		
	52.64	47.10	34.87	32.58	20.87	32.94	NaN		
	NaN	NaN	NaN	NaN	NaN	NaN	NaN		
	63.74	53.59	43.81	35.90	25.00	32.53	NaN		
	67.00	55.74	40.79	34.12	22.96	35.49	NaN		
	68.86	61.48	41.08	35.79	32.41	36.01	NaN		
	NaN	NaN	NaN	NaN	NaN	NaN	NaN		
	64.89	61.31	50.25	41.69	30.36	45.11	NaN		
	NaN	NaN	NaN	NaN	NaN	NaN	NaN		
	];								
x.TMC = x.TMC';									
