function x = profile_DPA_L									
x.Comments= {									
	};								
x.BFs= [   									
	250	500	1000	2000	4000	6000	8000		
	];								
x.LongTone= [ 									
	10.77	10.33	49.77	59.73	39.58	NaN	68.18		
	];								
x.ShortTone= [ 									
	25.50	24.85	58.00	63.85	48.25	NaN	53.45		
	];								
x.IFMCFreq= [									
	250	500	1000	2000	4000	6000	8000		
	];								
x.MaskerRatio=[    									
	0.5	0.7	0.9	1	1.1	1.3	1.6		
	];								
x.IFMCs=[									
	28.53	52.37	69.27	80.10	82.05	78.80	86.38		
	23.12	47.17	67.53	79.67	72.73	72.30	83.03		
	27.13	35.25	70.78	81.18	59.95	64.50	77.93		
	22.03	38.07	68.18	76.85	56.48	67.10	82.05		
	28.10	38.72	73.60	72.73	53.67	110.00	110.00		
	29.62	50.42	79.67	73.38	57.78	93.58	110.00		
	34.82	70.57	83.35	87.90	85.95	110.00	110.00		
	];								
x.IFMCs= x.IFMCs';									
x.Gaps= [									
	0.01	0.02	0.03	0.04	0.05	0.06	0.07	0.08	0.09
	];								
x.TMCFreq= [									
	250	500	1000	2000	4000	6000	8000		
	];								
x.TMC= [									
	NaN	NaN	NaN	NaN	NaN	NaN	NaN		
	NaN	NaN	NaN	NaN	NaN	NaN	NaN		
	NaN	NaN	NaN	NaN	NaN	NaN	NaN		
	NaN	NaN	NaN	NaN	NaN	NaN	NaN		
	NaN	NaN	NaN	NaN	NaN	NaN	NaN		
	NaN	NaN	NaN	NaN	NaN	NaN	NaN		
	NaN	NaN	NaN	NaN	NaN	NaN	NaN		
	NaN	NaN	NaN	NaN	NaN	NaN	NaN		
	NaN	NaN	NaN	NaN	NaN	NaN	NaN		
	];								
x.TMC = x.TMC';									
