function x = profile_JPA_R									
x.Comments= {									
	};								
x.BFs= [   									
	250	500	1000	2000	4000	6000	8000		
	];								
x.LongTone= [ 									
	10.86	3.04	2.39	6.25	18.17	12.56	47.44		
	];								
x.ShortTone= [ 									
	22.34	14.41	11.46	13.54	23.98	18.94	52.01		
	];								
x.IFMCFreq= [									
	250	500	1000	2000	4000	6000	8000		
	];								
x.MaskerRatio=[    									
	0.5	0.7	0.9	1	1.1	1.3	1.6		
	];								
x.IFMCs=[									
	NaN	NaN	68.11	64.60	69.85	57.66	75.91		
	NaN	NaN	65.99	61.51	52.86	67.74	73.85		
	NaN	NaN	39.41	41.65	42.47	61.47	65.20		
	NaN	NaN	25.06	24.70	35.27	37.19	72.48		
	NaN	NaN	43.09	39.75	45.13	69.42	NaN		
	NaN	NaN	67.04	61.77	67.16	NaN	NaN		
	NaN	NaN	57.09	56.18	88.46	NaN	NaN		
	];								
x.IFMCs= x.IFMCs';									
x.Gaps= [									
	0.01	0.02	0.03	0.04	0.05	0.06	0.07	0.08	0.09
	];								
x.TMCFreq= [									
	250	500	1000	2000	4000	6000	8000		
	];								
x.TMC= [									
	NaN	NaN	NaN	NaN	NaN	NaN	NaN		
	NaN	NaN	42.48	30.11	39.18	36.19	NaN		
	NaN	NaN	NaN	NaN	NaN	NaN	NaN		
	NaN	NaN	46.90	42.45	48.56	62.32	NaN		
	NaN	NaN	58.20	44.67	62.96	69.25	NaN		
	NaN	NaN	67.89	56.00	61.03	71.92	NaN		
	NaN	NaN	NaN	NaN	NaN	NaN	NaN		
	NaN	NaN	76.41	63.54	77.52	79.89	NaN		
	NaN	NaN	NaN	NaN	NaN	NaN	NaN		
	];								
x.TMC = x.TMC';									
