function x = profile_MKI_R									
x.Comments= {									
	};								
x.BFs= [   									
	250	500	1000	2000	4000	6000	8000		
	];								
x.LongTone= [ 									
	5.87	5.35	3.66	16.92	7.17	NaN	-0.24		
	];								
x.ShortTone= [ 									
	24.59	21.21	19.98	26.44	11.13	NaN	19.13		
	];								
x.IFMCFreq= [									
	250	500	1000	2000	4000	6000	8000		
	];								
x.MaskerRatio=[    									
	0.5	0.7	0.9	1	1.1	1.3	1.6		
	];								
x.IFMCs=[									
	NaN	57.67	50.07	50.23	66.00	NaN	NaN		
	NaN	48.00	44.13	46.93	57.27	NaN	NaN		
	NaN	36.90	35.35	43.50	33.63	NaN	NaN		
	NaN	35.80	28.05	36.90	28.93	NaN	NaN		
	NaN	36.60	39.30	65.10	54.37	NaN	NaN		
	NaN	39.90	49.62	72.57	56.98	NaN	NaN		
	NaN	52.33	66.68	59.73	55.40	NaN	NaN		
	];								
x.IFMCs= x.IFMCs';									
x.Gaps= [									
	0.01	0.02	0.03	0.04	0.05	0.06	0.07	0.08	0.09
	];								
x.TMCFreq= [									
	250	500	1000	2000	4000	6000	8000		
	];								
x.TMC= [									
	NaN	NaN	NaN	NaN	NaN	NaN	NaN		
	NaN	NaN	NaN	NaN	NaN	NaN	NaN		
	NaN	NaN	NaN	NaN	NaN	NaN	NaN		
	NaN	NaN	NaN	NaN	NaN	NaN	NaN		
	NaN	NaN	NaN	NaN	NaN	NaN	NaN		
	NaN	NaN	NaN	NaN	NaN	NaN	NaN		
	NaN	NaN	NaN	NaN	NaN	NaN	NaN		
	NaN	NaN	NaN	NaN	NaN	NaN	NaN		
	NaN	NaN	NaN	NaN	NaN	NaN	NaN		
	];								
x.TMC = x.TMC';									
