function x = profile_ATY_L									
x.Comments= {									
	};								
x.BFs= [   									
	250	500	1000	2000	4000	6000	8000		
	];								
x.LongTone= [ 									
	15.91	8.32	2.69	-3.35	11.54	14.25	38.82		
	];								
x.ShortTone= [ 									
	26.64	14.96	9.71	10.50	18.48	24.70	40.29		
	];								
x.IFMCFreq= [									
	250	500	1000	2000	4000	6000	8000		
	];								
x.MaskerRatio=[    									
	0.5	0.7	0.9	1	1.1	1.3	1.6		
	];								
x.IFMCs=[									
	58.61	46.73	62.44	71.89	75.11	72.79	80.24		
	44.23	47.35	51.67	59.13	59.62	65.39	76.46		
	37.77	33.59	28.99	18.90	38.73	36.94	51.92		
	36.25	25.09	25.37	19.87	30.38	23.82	47.14		
	39.48	23.18	43.37	25.80	62.81	31.49	50.71		
	38.03	40.71	50.85	68.46	55.52	50.47	44.01		
	44.09	62.52	78.21	74.34	61.65	46.31	58.67		
	];								
x.IFMCs= x.IFMCs';									
x.Gaps= [									
	0.01	0.02	0.03	0.04	0.05	0.06	0.07	0.08	0.09
	];								
x.TMCFreq= [									
	250	500	1000	2000	4000	6000	8000		
	];								
x.TMC= [									
	NaN	NaN	NaN	NaN	NaN	NaN	NaN		
	46.69	33.68	33.99	23.42	32.21	28.09	NaN		
	NaN	NaN	NaN	NaN	NaN	NaN	NaN		
	62.39	60.57	40.16	29.36	36.50	38.24	NaN		
	92.46	82.38	40.99	28.05	45.32	34.57	NaN		
	NaN	NaN	40.94	31.19	55.80	42.77	NaN		
	NaN	NaN	NaN	NaN	NaN	NaN	NaN		
	NaN	NaN	48.51	33.13	67.98	39.47	NaN		
	NaN	NaN	NaN	NaN	NaN	NaN	NaN		
	];								
x.TMC = x.TMC';									
