function x = profile_RBL_L									
x.Comments= {									
	};								
x.BFs= [   									
	250	500	1000	2000	4000	6000	8000		
	];								
x.LongTone= [ 									
	16.09	10.29	16.35	15.78	17.98	27.54	42.02		
	];								
x.ShortTone= [ 									
	28.19	17.54	26.75	21.84	21.55	33.37	46.09		
	];								
x.IFMCFreq= [									
	250	500	1000	2000	4000	6000	8000		
	];								
x.MaskerRatio=[    									
	0.5	0.7	0.9	1	1.1	1.3	1.6		
	];								
x.IFMCs=[									
	NaN	NaN	72.67	86.05	87.44	NaN	77.73		
	NaN	NaN	68.74	75.02	68.98	NaN	25.85		
	NaN	NaN	47.46	27.86	30.14	NaN	31.99		
	NaN	NaN	44.53	18.30	23.50	NaN	55.01		
	NaN	NaN	51.67	41.46	30.33	NaN	73.17		
	NaN	NaN	81.67	28.83	52.57	NaN	78.30		
	NaN	NaN	98.00	98.00	98.00	NaN	98.00		
	];								
x.IFMCs= x.IFMCs';									
x.Gaps= [									
	0.01	0.02	0.03	0.04	0.05	0.06	0.07	0.08	0.09
	];								
x.TMCFreq= [									
	250	500	1000	2000	4000	6000	8000		
	];								
x.TMC= [									
	NaN	NaN	NaN	NaN	NaN	NaN	NaN		
	NaN	NaN	NaN	NaN	NaN	NaN	NaN		
	NaN	NaN	NaN	NaN	NaN	NaN	NaN		
	NaN	NaN	NaN	NaN	NaN	NaN	NaN		
	NaN	NaN	NaN	NaN	NaN	NaN	NaN		
	NaN	NaN	NaN	NaN	NaN	NaN	NaN		
	NaN	NaN	NaN	NaN	NaN	NaN	NaN		
	NaN	NaN	NaN	NaN	NaN	NaN	NaN		
	NaN	NaN	NaN	NaN	NaN	NaN	NaN		
	];								
x.TMC = x.TMC';									
