function x = profile_BME_R									
x.Comments= {									
	};								
x.BFs= [   									
	250	500	1000	2000	4000	6000	8000		
	];								
x.LongTone= [ 									
	64.50	57.90	58.47	53.80	45.00	71.50	87.18		
	];								
x.ShortTone= [ 									
	NaN	76.69	73.40	74.58	51.63	80.20	NaN		
	];								
x.IFMCFreq= [									
	250	500	1000	2000	4000	6000	8000		
	];								
x.MaskerRatio=[    									
	0.5	0.7	0.9	1	1.1	1.3	1.6		
	];								
x.IFMCs=[									
	NaN	94.46	86.55	85.31	93.90	89.58	NaN		
	NaN	88.36	84.60	91.60	85.81	83.05	NaN		
	NaN	82.40	78.50	79.43	69.25	82.10	NaN		
	NaN	81.61	79.73	74.85	63.21	82.38	NaN		
	NaN	78.83	81.10	74.83	76.50	89.25	NaN		
	NaN	83.56	92.70	83.54	88.16	95.30	NaN		
	NaN	87.37	NaN	86.37	89.50	98.00	NaN		
	];								
x.IFMCs= x.IFMCs';									
x.Gaps= [									
	0.01	0.02	0.03	0.04	0.05	0.06	0.07	0.08	0.09
	];								
x.TMCFreq= [									
	250	500	1000	2000	4000	6000	8000		
	];								
x.TMC= [									
	NaN	85.20	80.40	67.22	58.67	NaN	NaN		
	NaN	91.17	84.41	75.55	59.64	NaN	NaN		
	NaN	NaN	85.54	76.39	65.37	NaN	NaN		
	NaN	93.81	88.18	82.64	64.50	NaN	NaN		
	NaN	94.35	93.30	80.73	72.32	NaN	NaN		
	NaN	92.61	89.30	NaN	74.20	NaN	NaN		
	NaN	NaN	92.24	85.96	77.22	NaN	NaN		
	NaN	NaN	NaN	85.77	79.07	NaN	NaN		
	NaN	NaN	96.16	NaN	81.83	NaN	NaN		
	];								
x.TMC = x.TMC';									
