function x = profile_PRO_R									
x.Comments= {									
	};								
x.BFs= [   									
	250	500	1000	2000	4000	6000	8000		
	];								
x.LongTone= [ 									
	76.94	74.98	72.41	68.49	68.64	NaN	95.76		
	];								
x.ShortTone= [ 									
	89.86	81.40	81.53	74.20	74.10	NaN	93.48		
	];								
x.IFMCFreq= [									
	250	500	1000	2000	4000	6000	8000		
	];								
x.MaskerRatio=[    									
	0.5	0.7	0.9	1	1.1	1.3	1.6		
	];								
x.IFMCs=[									
	NaN	NaN	NaN	87.52	87.19	NaN	NaN		
	NaN	NaN	92.33	87.25	82.12	NaN	NaN		
	NaN	NaN	92.12	82.69	77.74	NaN	NaN		
	NaN	NaN	94.24	82.11	81.16	NaN	NaN		
	NaN	NaN	NaN	82.12	82.39	NaN	NaN		
	NaN	NaN	NaN	78.79	88.79	NaN	NaN		
	NaN	NaN	NaN	80.49	NaN	NaN	NaN		
	];								
x.IFMCs= x.IFMCs';									
x.Gaps= [									
	0.01	0.02	0.03	0.04	0.05	0.06	0.07	0.08	0.09
	];								
x.TMCFreq= [									
	250	500	1000	2000	4000	6000	8000		
	];								
x.TMC= [									
	NaN	NaN	NaN	NaN	82.29	NaN	NaN		
	NaN	NaN	NaN	NaN	84.34	NaN	NaN		
	NaN	NaN	NaN	NaN	89.47	NaN	NaN		
	NaN	NaN	NaN	NaN	NaN	NaN	NaN		
	NaN	NaN	NaN	NaN	NaN	NaN	NaN		
	NaN	NaN	NaN	NaN	NaN	NaN	NaN		
	NaN	NaN	NaN	NaN	NaN	NaN	NaN		
	NaN	NaN	NaN	NaN	NaN	NaN	NaN		
	NaN	NaN	NaN	NaN	NaN	NaN	NaN		
	];								
x.TMC = x.TMC';									
