function x = profile_KFR_R									
x.Comments= {									
	};								
x.BFs= [   									
	250	500	1000	2000	4000	6000	8000		
	];								
x.LongTone= [ 									
	36.64	36.72	56.82	37.19	17.31	NaN	49.72		
	];								
x.ShortTone= [ 									
	44.38	42.60	58.44	40.60	22.83	NaN	53.91		
	];								
x.IFMCFreq= [									
	250	500	1000	2000	4000	6000	8000		
	];								
x.MaskerRatio=[    									
	0.5	0.7	0.9	1	1.1	1.3	1.6		
	];								
x.IFMCs=[									
	NaN	47.82	50.70	59.49	43.87	33.62	NaN		
	NaN	54.44	64.94	54.21	36.44	36.87	NaN		
	NaN	43.78	61.59	50.81	29.56	40.23	NaN		
	NaN	45.62	62.55	47.29	22.82	44.21	NaN		
	NaN	46.86	60.56	45.92	20.50	44.09	NaN		
	NaN	59.96	63.45	46.21	28.12	60.57	NaN		
	NaN	64.55	58.47	35.29	47.31	76.57	NaN		
	];								
x.IFMCs= x.IFMCs';									
x.Gaps= [									
	0.01	0.02	0.03	0.04	0.05	0.06	0.07	0.08	0.09
	];								
x.TMCFreq= [									
	250	500	1000	2000	4000	6000	8000		
	];								
x.TMC= [									
	NaN	NaN	NaN	NaN	NaN	NaN	NaN		
	58.05	52.94	67.75	53.68	32.19	43.24	NaN		
	NaN	NaN	NaN	NaN	NaN	NaN	NaN		
	57.46	58.98	68.75	52.83	30.84	43.91	NaN		
	59.22	56.85	69.08	54.63	34.31	52.67	NaN		
	65.17	60.18	68.22	53.34	34.83	49.69	NaN		
	NaN	NaN	NaN	NaN	NaN	NaN	NaN		
	68.36	60.70	74.99	55.59	43.64	41.78	NaN		
	NaN	NaN	NaN	NaN	NaN	NaN	NaN		
	];								
x.TMC = x.TMC';									
