function x = profile_JSA_L									
x.Comments= {									
	};								
x.BFs= [   									
	250	500	1000	2000	4000	6000	8000		
	];								
x.LongTone= [ 									
	21.43	16.24	10.21	6.86	19.00	NaN	71.54		
	];								
x.ShortTone= [ 									
	34.90	29.07	17.48	17.07	27.30	67.80	67.80		
	];								
x.IFMCFreq= [									
	250	500	1000	2000	4000	6000	8000		
	];								
x.MaskerRatio=[    									
	0.5	0.7	0.9	1	1.1	1.3	1.6		
	];								
x.IFMCs=[									
	55.41	NaN	67.13	63.98	71.64	72.39	NaN		
	44.25	42.52	63.08	57.18	53.24	74.10	NaN		
	37.12	35.81	40.17	38.75	36.78	74.27	NaN		
	34.54	32.22	33.15	21.22	32.90	74.53	NaN		
	37.61	32.86	30.58	24.13	36.33	73.45	NaN		
	39.50	43.48	33.92	47.26	70.11	93.80	NaN		
	52.90	45.42	41.68	55.33	83.02	91.18	NaN		
	];								
x.IFMCs= x.IFMCs';									
x.Gaps= [									
	0.01	0.02	0.03	0.04	0.05	0.06	0.07	0.08	0.09
	];								
x.TMCFreq= [									
	250	500	1000	2000	4000	6000	8000		
	];								
x.TMC= [									
	NaN	31.44	31.32	27.28	35.64	NaN	NaN		
	NaN	38.69	29.88	25.92	40.57	NaN	NaN		
	NaN	40.71	39.57	43.64	46.55	NaN	NaN		
	NaN	30.98	13.37	51.89	80.21	NaN	NaN		
	NaN	43.78	21.52	70.37	NaN	NaN	NaN		
	NaN	36.89	29.37	NaN	NaN	NaN	NaN		
	NaN	24.34	28.22	NaN	NaN	NaN	NaN		
	NaN	25.54	23.69	NaN	NaN	NaN	NaN		
	NaN	25.51	18.26	NaN	NaN	NaN	NaN		
	];								
x.TMC = x.TMC';									
