function x = profile_MFR_R									
x.Comments= {									
	};								
x.BFs= [   									
	250	500	1000	2000	4000	6000	8000		
	];								
x.LongTone= [ 									
	48.00	53.50	50.50	56.50	55.50	NaN	70.50		
	];								
x.ShortTone= [ 									
	56.50	60.50	58.00	62.50	58.50	NaN	71.00		
	];								
x.IFMCFreq= [									
	250	500	1000	2000	4000	6000	8000		
	];								
x.MaskerRatio=[    									
	0.5	0.7	0.9	1	1.1	1.3	1.6		
	];								
x.IFMCs=[									
	NaN	49.50	55.50	54.50	61.50	NaN	NaN		
	NaN	53.50	53.00	56.00	53.50	NaN	NaN		
	NaN	53.50	54.50	57.50	56.00	NaN	NaN		
	NaN	53.50	53.00	57.50	56.50	NaN	NaN		
	NaN	52.50	53.00	55.50	62.50	NaN	NaN		
	NaN	51.50	55.00	53.00	61.00	NaN	NaN		
	NaN	52.00	57.50	55.50	61.50	NaN	NaN		
	];								
x.IFMCs= x.IFMCs';									
x.Gaps= [									
	0.01	0.02	0.03	0.04	0.05	0.06	0.07	0.08	0.09
	];								
x.TMCFreq= [									
	250	500	1000	2000	4000	6000	8000		
	];								
x.TMC= [									
	NaN	NaN	NaN	NaN	NaN	NaN	NaN		
	NaN	NaN	NaN	NaN	NaN	NaN	NaN		
	NaN	NaN	NaN	NaN	NaN	NaN	NaN		
	NaN	NaN	NaN	NaN	NaN	NaN	NaN		
	NaN	NaN	NaN	NaN	NaN	NaN	NaN		
	NaN	NaN	NaN	NaN	NaN	NaN	NaN		
	NaN	NaN	NaN	NaN	NaN	NaN	NaN		
	NaN	NaN	NaN	NaN	NaN	NaN	NaN		
	NaN	NaN	NaN	NaN	NaN	NaN	NaN		
	];								
x.TMC = x.TMC';									
