function x = profile_LAD_L									
x.Comments= {									
	};								
x.BFs= [   									
	250	500	1000	2000	4000	6000	8000		
	];								
x.LongTone= [ 									
	36.36	37.86	58.37	62.73	NaN	NaN	NaN		
	];								
x.ShortTone= [ 									
	48.13	46.67	63.96	71.49	NaN	NaN	NaN		
	];								
x.IFMCFreq= [									
	250	500	1000	2000	4000	6000	8000		
	];								
x.MaskerRatio=[    									
	0.5	0.7	0.9	1	1.1	1.3	1.6		
	];								
x.IFMCs=[									
	56.64	60.93	79.33	80.13	NaN	NaN	NaN		
	48.08	58.47	69.09	76.94	NaN	NaN	NaN		
	53.10	59.01	75.26	72.96	NaN	NaN	NaN		
	54.67	62.58	75.26	70.62	NaN	NaN	NaN		
	54.96	63.86	76.58	71.61	NaN	NaN	NaN		
	53.29	68.48	81.15	69.36	NaN	NaN	NaN		
	53.24	74.77	90.76	85.23	NaN	NaN	NaN		
	];								
x.IFMCs= x.IFMCs';									
x.Gaps= [									
	0.01	0.02	0.03	0.04	0.05	0.06	0.07	0.08	0.09
	];								
x.TMCFreq= [									
	250	500	1000	2000	4000	6000	8000		
	];								
x.TMC= [									
	NaN	60.01	73.22	78.61	NaN	NaN	NaN		
	NaN	63.53	73.97	83.81	NaN	NaN	NaN		
	NaN	66.36	76.14	86.49	NaN	NaN	NaN		
	NaN	66.44	77.81	89.11	NaN	NaN	NaN		
	NaN	67.26	76.32	91.69	NaN	NaN	NaN		
	NaN	67.88	77.43	89.25	NaN	NaN	NaN		
	NaN	69.24	76.40	91.15	NaN	NaN	NaN		
	NaN	66.33	78.83	91.29	NaN	NaN	NaN		
	NaN	67.18	77.28	NaN	NaN	NaN	NaN		
	];								
x.TMC = x.TMC';									
