function x = profile_JJO_R									
x.Comments= {									
	};								
x.BFs= [   									
	250	500	1000	2000	4000	6000	8000		
	];								
x.LongTone= [ 									
	30.42	29.95	12.13	15.85	50.74	NaN	NaN		
	];								
x.ShortTone= [ 									
	46.62	42.99	25.07	30.32	50.68	NaN	NaN		
	];								
x.IFMCFreq= [									
	250	500	1000	2000	4000	6000	8000		
	];								
x.MaskerRatio=[    									
	0.5	0.7	0.9	1	1.1	1.3	1.6		
	];								
x.IFMCs=[									
	61.82	66.57	53.80	63.81	81.30	NaN	NaN		
	58.22	62.02	50.20	55.41	65.34	NaN	NaN		
	57.63	54.58	45.20	39.90	59.53	NaN	NaN		
	54.85	51.47	43.40	42.71	70.54	NaN	NaN		
	58.85	49.83	44.45	41.20	88.02	NaN	NaN		
	57.10	52.09	46.35	51.05	NaN	NaN	NaN		
	76.03	63.56	67.25	57.36	92.73	NaN	NaN		
	];								
x.IFMCs= x.IFMCs';									
x.Gaps= [									
	0.01	0.02	0.03	0.04	0.05	0.06	0.07	0.08	0.09
	];								
x.TMCFreq= [									
	250	500	1000	2000	4000	6000	8000		
	];								
x.TMC= [									
	NaN	53.62	49.02	46.33	NaN	NaN	NaN		
	NaN	52.07	51.44	50.66	NaN	NaN	NaN		
	NaN	56.46	54.83	57.87	NaN	NaN	NaN		
	NaN	64.84	57.94	63.39	NaN	NaN	NaN		
	NaN	62.65	60.51	65.79	NaN	NaN	NaN		
	NaN	72.12	67.65	74.32	NaN	NaN	NaN		
	NaN	74.65	64.91	81.22	NaN	NaN	NaN		
	NaN	73.53	57.15	80.19	NaN	NaN	NaN		
	NaN	73.58	74.39	82.68	NaN	NaN	NaN		
	];								
x.TMC = x.TMC';									
