function x = profile_ECR_L									
x.Comments= {									
	};								
x.BFs= [   									
	250	500	1000	2000	4000	6000	8000		
	];								
x.LongTone= [ 									
	55.54	54.83	74.97	NaN	NaN	NaN	NaN		
	];								
x.ShortTone= [ 									
	59.00	61.25	75.80	NaN	89.45	NaN	NaN		
	];								
x.IFMCFreq= [									
	250	500	1000	2000	4000	6000	8000		
	];								
x.MaskerRatio=[    									
	0.5	0.7	0.9	1	1.1	1.3	1.6		
	];								
x.IFMCs=[									
	59.45	51.62	52.53	NaN	NaN	NaN	NaN		
	60.84	52.39	62.63	NaN	NaN	NaN	NaN		
	60.28	52.54	69.21	NaN	NaN	NaN	NaN		
	59.83	55.71	72.55	NaN	NaN	NaN	NaN		
	55.76	56.14	76.51	NaN	NaN	NaN	NaN		
	57.71	62.38	83.60	NaN	NaN	NaN	NaN		
	54.75	67.15	95.03	NaN	NaN	NaN	NaN		
	];								
x.IFMCs= x.IFMCs';									
x.Gaps= [									
	0.01	0.02	0.03	0.04	0.05	0.06	0.07	0.08	0.09
	];								
x.TMCFreq= [									
	250	500	1000	2000	4000	6000	8000		
	];								
x.TMC= [									
	57.92	55.78	73.31	NaN	NaN	NaN	NaN		
	58.20	58.22	73.01	NaN	NaN	NaN	NaN		
	59.78	59.52	72.59	NaN	NaN	NaN	NaN		
	60.17	55.73	73.17	NaN	NaN	NaN	NaN		
	58.24	60.60	72.66	NaN	NaN	NaN	NaN		
	57.71	55.52	71.38	NaN	NaN	NaN	NaN		
	61.92	59.51	72.27	NaN	NaN	NaN	NaN		
	62.26	59.27	73.33	NaN	NaN	NaN	NaN		
	57.65	55.74	70.37	NaN	NaN	NaN	NaN		
	];								
x.TMC = x.TMC';									
