function x = profile_AYA_L									
x.Comments= {									
	};								
x.BFs= [   									
	250	500	1000	2000	4000	6000	8000		
	];								
x.LongTone= [ 									
	16.40	13.47	11.70	29.30	55.49	NaN	49.33		
	];								
x.ShortTone= [ 									
	27.29	25.64	27.89	34.55	62.68	NaN	70.47		
	];								
x.IFMCFreq= [									
	250	500	1000	2000	4000	6000	8000		
	];								
x.MaskerRatio=[    									
	0.5	0.7	0.9	1	1.1	1.3	1.6		
	];								
x.IFMCs=[									
	48.85	41.79	60.43	62.60	83.95	NaN	71.48		
	42.37	44.80	50.44	58.70	70.86	NaN	74.39		
	40.21	34.24	44.08	38.43	75.92	NaN	65.91		
	37.09	32.66	40.27	47.03	79.37	NaN	78.94		
	35.58	33.80	48.47	54.46	70.57	NaN	84.53		
	42.67	36.34	52.40	79.63	79.95	NaN	70.91		
	53.79	53.02	54.78	81.16	81.50	NaN	NaN		
	];								
x.IFMCs= x.IFMCs';									
x.Gaps= [									
	0.01	0.02	0.03	0.04	0.05	0.06	0.07	0.08	0.09
	];								
x.TMCFreq= [									
	250	500	1000	2000	4000	6000	8000		
	];								
x.TMC= [									
	NaN	NaN	NaN	NaN	NaN	NaN	NaN		
	NaN	NaN	NaN	NaN	NaN	NaN	NaN		
	NaN	NaN	NaN	NaN	NaN	NaN	NaN		
	NaN	NaN	NaN	NaN	NaN	NaN	NaN		
	NaN	NaN	NaN	NaN	NaN	NaN	NaN		
	NaN	NaN	NaN	NaN	NaN	NaN	NaN		
	NaN	NaN	NaN	NaN	NaN	NaN	NaN		
	NaN	NaN	NaN	NaN	NaN	NaN	NaN		
	NaN	NaN	NaN	NaN	NaN	NaN	NaN		
	];								
x.TMC = x.TMC';									
