function x = profile_NBE_L									
x.Comments= {									
	};								
x.BFs= [   									
	250	500	1000	2000	4000	6000	8000		
	];								
x.LongTone= [ 									
	10.59	3.87	0.33	-0.47	-0.73	NaN	NaN		
	];								
x.ShortTone= [ 									
	28.25	22.99	14.73	14.20	16.35	NaN	NaN		
	];								
x.IFMCFreq= [									
	250	500	1000	2000	4000	6000	8000		
	];								
x.MaskerRatio=[    									
	0.5	0.7	0.9	1	1.1	1.3	1.6		
	];								
x.IFMCs=[									
	NaN	39.84	33.37	42.27	20.58	49.97	NaN		
	NaN	31.92	29.58	37.25	21.96	29.50	NaN		
	NaN	30.56	25.40	22.21	21.64	35.75	NaN		
	NaN	30.20	23.99	18.05	16.16	27.60	NaN		
	NaN	26.40	22.17	16.27	20.58	39.07	NaN		
	NaN	39.43	38.92	27.19	27.44	41.03	NaN		
	NaN	48.27	54.94	38.02	32.96	40.52	NaN		
	];								
x.IFMCs= x.IFMCs';									
x.Gaps= [									
	0.01	0.02	0.03	0.04	0.05	0.06	0.07	0.08	0.09
	];								
x.TMCFreq= [									
	250	500	1000	2000	4000	6000	8000		
	];								
x.TMC= [									
	NaN	NaN	NaN	31.23	25.09	37.23	NaN		
	NaN	NaN	NaN	32.64	25.40	40.67	NaN		
	NaN	NaN	NaN	43.08	26.91	38.97	NaN		
	NaN	NaN	NaN	46.94	37.92	37.11	NaN		
	NaN	NaN	NaN	52.35	48.53	38.34	NaN		
	NaN	NaN	NaN	56.93	58.86	52.23	NaN		
	NaN	NaN	NaN	68.51	64.63	64.35	NaN		
	NaN	NaN	NaN	81.04	NaN	69.82	NaN		
	NaN	NaN	NaN	NaN	87.68	86.06	NaN		
	];								
x.TMC = x.TMC';									
