function x = profile_MPA_L									
x.Comments= {									
	};								
x.BFs= [   									
	250	500	1000	2000	4000	6000	8000		
	];								
x.LongTone= [ 									
	14.43	8.52	4.12	5.24	11.77	NaN	15.49		
	];								
x.ShortTone= [ 									
	30.01	27.23	16.73	18.42	19.60	NaN	18.50		
	];								
x.IFMCFreq= [									
	250	500	1000	2000	4000	6000	8000		
	];								
x.MaskerRatio=[    									
	0.5	0.7	0.9	1	1.1	1.3	1.6		
	];								
x.IFMCs=[									
	62.21	53.53	53.70	58.00	72.01	NaN	NaN		
	49.98	50.12	45.82	46.92	66.32	NaN	NaN		
	47.60	42.60	36.26	34.54	43.01	NaN	NaN		
	49.89	38.50	30.50	28.13	33.72	NaN	NaN		
	48.52	38.20	30.53	33.83	57.61	NaN	NaN		
	47.54	47.03	35.83	58.94	79.42	NaN	NaN		
	60.33	56.98	69.48	80.63	95.08	NaN	NaN		
	];								
x.IFMCs= x.IFMCs';									
x.Gaps= [									
	0.01	0.02	0.03	0.04	0.05	0.06	0.07	0.08	0.09
	];								
x.TMCFreq= [									
	250	500	1000	2000	4000	6000	8000		
	];								
x.TMC= [									
	47.61	33.26	27.45	23.83	22.39	19.96	NaN		
	58.13	38.59	31.42	26.16	26.92	19.16	NaN		
	62.62	39.81	34.73	31.51	28.97	25.53	NaN		
	67.88	49.04	41.18	36.68	35.18	43.76	NaN		
	75.04	52.11	49.78	46.38	44.63	79.72	NaN		
	79.52	61.42	53.43	51.20	49.93	94.80	NaN		
	85.09	64.07	65.55	58.58	62.24	96.14	NaN		
	91.76	76.67	66.27	71.00	68.38	106.42	NaN		
	98.95	78.60	74.65	78.01	74.47	106.12	NaN		
	];								
x.TMC = x.TMC';									
