function x = profile_DPE_R									
x.Comments= {									
	};								
x.BFs= [   									
	250	500	1000	2000	4000	6000	8000		
	];								
x.LongTone= [ 									
	36.92	24.83	32.90	51.91	68.16	NaN	NaN		
	];								
x.ShortTone= [ 									
	47.38	40.14	44.51	63.17	80.42	NaN	NaN		
	];								
x.IFMCFreq= [									
	250	500	1000	2000	4000	6000	8000		
	];								
x.MaskerRatio=[    									
	0.5	0.7	0.9	1	1.1	1.3	1.6		
	];								
x.IFMCs=[									
	62.01	47.54	39.73	73.62	NaN	NaN	NaN		
	45.22	39.36	43.95	69.39	NaN	NaN	NaN		
	43.08	37.85	39.24	62.76	NaN	NaN	NaN		
	45.85	37.70	45.49	67.47	NaN	NaN	NaN		
	49.13	39.28	46.28	63.71	NaN	NaN	NaN		
	52.73	42.16	49.43	66.73	NaN	NaN	NaN		
	52.48	55.38	49.19	74.82	NaN	NaN	NaN		
	];								
x.IFMCs= x.IFMCs';									
x.Gaps= [									
	0.01	0.02	0.03	0.04	0.05	0.06	0.07	0.08	0.09
	];								
x.TMCFreq= [									
	250	500	1000	2000	4000	6000	8000		
	];								
x.TMC= [									
	NaN	37.45	51.62	68.56	NaN	NaN	NaN		
	NaN	46.93	57.15	70.87	NaN	NaN	NaN		
	NaN	45.39	57.28	74.06	NaN	NaN	NaN		
	NaN	35.59	60.45	74.36	NaN	NaN	NaN		
	NaN	41.60	61.99	77.33	NaN	NaN	NaN		
	NaN	27.77	59.93	81.19	NaN	NaN	NaN		
	NaN	59.11	70.45	82.08	NaN	NaN	NaN		
	NaN	37.01	67.05	84.13	NaN	NaN	NaN		
	NaN	43.11	60.73	82.36	NaN	NaN	NaN		
	];								
x.TMC = x.TMC';									
