function x = profile_CFO_R									
x.Comments= {									
	};								
x.BFs= [   									
	250	500	1000	2000	4000	6000	8000		
	];								
x.LongTone= [ 									
	38.29	34.04	25.26	21.88	46.10	NaN	55.85		
	];								
x.ShortTone= [ 									
	50.86	47.10	39.89	33.68	56.89	NaN	64.56		
	];								
x.IFMCFreq= [									
	250	500	1000	2000	4000	6000	8000		
	];								
x.MaskerRatio=[    									
	0.5	0.7	0.9	1	1.1	1.3	1.6		
	];								
x.IFMCs=[									
	69.00	80.73	83.18	84.23	85.73	NaN	NaN		
	65.07	70.70	71.91	66.62	67.69	NaN	NaN		
	59.89	59.37	56.07	41.83	59.28	NaN	NaN		
	59.53	50.74	49.80	37.22	62.72	NaN	NaN		
	59.20	51.13	53.95	38.28	69.55	NaN	NaN		
	73.66	52.67	NaN	52.36	NaN	NaN	NaN		
	89.41	76.85	NaN	NaN	NaN	NaN	NaN		
	];								
x.IFMCs= x.IFMCs';									
x.Gaps= [									
	0.01	0.02	0.03	0.04	0.05	0.06	0.07	0.08	0.09
	];								
x.TMCFreq= [									
	250	500	1000	2000	4000	6000	8000		
	];								
x.TMC= [									
	62.97	57.99	49.83	45.33	62.60	NaN	NaN		
	68.97	60.47	52.00	51.24	70.16	NaN	NaN		
	74.81	65.00	57.98	55.87	76.32	NaN	NaN		
	75.37	65.08	62.10	67.11	86.92	NaN	NaN		
	78.33	72.08	69.89	77.53	NaN	NaN	NaN		
	77.29	80.92	75.39	77.06	NaN	NaN	NaN		
	75.80	87.54	NaN	NaN	NaN	NaN	NaN		
	83.20	NaN	NaN	NaN	NaN	NaN	NaN		
	84.06	NaN	NaN	NaN	NaN	NaN	NaN		
	];								
x.TMC = x.TMC';									
