function x = profile_ECR_R									
x.Comments= {									
	};								
x.BFs= [   									
	250	500	1000	2000	4000	6000	8000		
	];								
x.LongTone= [ 									
	61.25	62.29	79.96	89.33	78.82	NaN	NaN		
	];								
x.ShortTone= [ 									
	65.41	68.88	83.92	91.52	81.39	NaN	NaN		
	];								
x.IFMCFreq= [									
	250	500	1000	2000	4000	6000	8000		
	];								
x.MaskerRatio=[    									
	0.5	0.7	0.9	1	1.1	1.3	1.6		
	];								
x.IFMCs=[									
	68.73	60.35	NaN	NaN	NaN	NaN	NaN		
	66.11	62.02	NaN	NaN	NaN	NaN	NaN		
	64.31	64.60	NaN	NaN	NaN	NaN	NaN		
	66.84	62.40	NaN	NaN	NaN	NaN	NaN		
	63.49	65.06	NaN	NaN	NaN	NaN	NaN		
	63.11	65.37	NaN	NaN	NaN	NaN	NaN		
	65.73	75.47	NaN	NaN	NaN	NaN	NaN		
	];								
x.IFMCs= x.IFMCs';									
x.Gaps= [									
	0.01	0.02	0.03	0.04	0.05	0.06	0.07	0.08	0.09
	];								
x.TMCFreq= [									
	250	500	1000	2000	4000	6000	8000		
	];								
x.TMC= [									
	64.45	65.69	NaN	NaN	NaN	NaN	NaN		
	63.63	65.26	NaN	NaN	NaN	NaN	NaN		
	62.75	68.48	NaN	NaN	NaN	NaN	NaN		
	64.21	69.93	NaN	NaN	NaN	NaN	NaN		
	63.65	66.45	NaN	NaN	NaN	NaN	NaN		
	68.04	65.67	NaN	NaN	NaN	NaN	NaN		
	64.92	62.85	NaN	NaN	NaN	NaN	NaN		
	61.74	64.87	NaN	NaN	NaN	NaN	NaN		
	62.68	63.52	NaN	NaN	NaN	NaN	NaN		
	];								
x.TMC = x.TMC';									
