function x = profile_MBA_R									
x.Comments= {									
	};								
x.BFs= [   									
	250	500	1000	2000	4000	6000	8000		
	];								
x.LongTone= [ 									
	15.31	12.39	8.17	5.92	-0.33	NaN	17.05		
	];								
x.ShortTone= [ 									
	30.09	30.39	23.00	18.11	17.50	NaN	23.75		
	];								
x.IFMCFreq= [									
	250	500	1000	2000	4000	6000	8000		
	];								
x.MaskerRatio=[    									
	0.5	0.7	0.9	1	1.1	1.3	1.6		
	];								
x.IFMCs=[									
	NaN	NaN	NaN	46.91	43.02	NaN	NaN		
	NaN	NaN	NaN	54.11	41.63	NaN	NaN		
	NaN	NaN	NaN	42.15	27.89	NaN	NaN		
	NaN	NaN	NaN	34.82	20.37	NaN	NaN		
	NaN	NaN	NaN	69.13	37.15	NaN	NaN		
	NaN	NaN	NaN	79.49	44.36	NaN	NaN		
	NaN	NaN	NaN	78.04	57.30	NaN	NaN		
	];								
x.IFMCs= x.IFMCs';									
x.Gaps= [									
	0.01	0.02	0.03	0.04	0.05	0.06	0.07	0.08	0.09
	];								
x.TMCFreq= [									
	250	500	1000	2000	4000	6000	8000		
	];								
x.TMC= [									
	NaN	42.47	40.61	43.30	28.78	44.56	NaN		
	NaN	49.42	51.34	49.37	63.45	54.07	NaN		
	NaN	55.07	56.41	52.01	73.95	50.27	NaN		
	NaN	67.53	65.40	59.38	80.27	70.75	NaN		
	NaN	70.46	66.93	54.00	85.87	81.54	NaN		
	NaN	67.57	83.63	62.32	86.52	91.26	NaN		
	NaN	87.00	87.73	64.92	NaN	88.08	NaN		
	NaN	84.21	85.52	63.16	NaN	NaN	NaN		
	NaN	81.75	86.57	80.53	NaN	NaN	NaN		
	];								
x.TMC = x.TMC';									
