function x = profile_JPR_R									
x.Comments= {									
	};								
x.BFs= [   									
	250	500	1000	2000	4000	6000	8000		
	];								
x.LongTone= [ 									
	73.56	63.34	56.76	56.91	NaN	NaN	NaN		
	];								
x.ShortTone= [ 									
	NaN	72.86	65.12	65.84	NaN	NaN	NaN		
	];								
x.IFMCFreq= [									
	250	500	1000	2000	4000	6000	8000		
	];								
x.MaskerRatio=[    									
	0.5	0.7	0.9	1	1.1	1.3	1.6		
	];								
x.IFMCs=[									
	NaN	NaN	87.48	NaN	NaN	NaN	NaN		
	NaN	88.58	78.00	80.30	NaN	NaN	NaN		
	NaN	85.34	72.45	74.46	NaN	NaN	NaN		
	NaN	82.67	78.65	72.46	NaN	NaN	NaN		
	NaN	82.16	79.67	75.81	NaN	NaN	NaN		
	NaN	80.93	83.06	NaN	NaN	NaN	NaN		
	NaN	85.81	87.13	NaN	NaN	NaN	NaN		
	];								
x.IFMCs= x.IFMCs';									
x.Gaps= [									
	0.01	0.02	0.03	0.04	0.05	0.06	0.07	0.08	0.09
	];								
x.TMCFreq= [									
	250	500	1000	2000	4000	6000	8000		
	];								
x.TMC= [									
	NaN	NaN	NaN	NaN	NaN	NaN	NaN		
	NaN	84.81	79.66	74.07	NaN	NaN	NaN		
	NaN	NaN	NaN	NaN	NaN	NaN	NaN		
	NaN	88.32	87.01	73.46	NaN	NaN	NaN		
	NaN	89.12	90.77	77.89	NaN	NaN	NaN		
	NaN	90.39	88.36	82.55	NaN	NaN	NaN		
	NaN	NaN	NaN	NaN	NaN	NaN	NaN		
	NaN	NaN	90.49	79.04	NaN	NaN	NaN		
	NaN	NaN	NaN	NaN	NaN	NaN	NaN		
	];								
x.TMC = x.TMC';									
