function x = profile_CWA_R									
x.Comments= {									
	};								
x.BFs= [   									
	250	500	1000	2000	4000	6000	8000		
	];								
x.LongTone= [ 									
	24.54	24.17	32.59	33.49	38.09	50.23	57.30		
	];								
x.ShortTone= [ 									
	40.53	37.79	42.16	44.53	47.32	57.73	64.32		
	];								
x.IFMCFreq= [									
	250	500	1000	2000	4000	6000	8000		
	];								
x.MaskerRatio=[    									
	0.5	0.7	0.9	1	1.1	1.3	1.6		
	];								
x.IFMCs=[									
	43.60	37.97	54.17	75.72	70.73	70.60	57.21		
	36.57	38.60	49.42	67.49	60.51	66.06	58.55		
	36.15	37.44	47.24	57.12	54.14	67.70	65.30		
	36.18	39.23	45.41	52.95	51.96	64.53	75.81		
	36.61	39.27	45.87	52.14	53.21	66.15	76.89		
	35.83	44.38	46.87	55.98	61.42	78.38	75.66		
	33.06	48.23	47.83	77.52	68.85	86.36	87.14		
	];								
x.IFMCs= x.IFMCs';									
x.Gaps= [									
	0.01	0.02	0.03	0.04	0.05	0.06	0.07	0.08	0.09
	];								
x.TMCFreq= [									
	250	500	1000	2000	4000	6000	8000		
	];								
x.TMC= [									
	NaN	42.64	50.54	45.91	54.64	NaN	NaN		
	NaN	45.99	52.29	49.62	58.52	NaN	NaN		
	NaN	48.79	54.26	51.01	60.98	NaN	NaN		
	NaN	49.42	55.12	52.51	59.76	NaN	NaN		
	NaN	51.72	54.30	51.98	58.52	NaN	NaN		
	NaN	52.95	59.57	56.80	64.90	NaN	NaN		
	NaN	56.77	68.07	55.28	62.51	NaN	NaN		
	NaN	56.53	69.21	62.12	68.74	NaN	NaN		
	NaN	61.55	66.61	63.77	68.99	NaN	NaN		
	];								
x.TMC = x.TMC';									
