function x = profile_CWA_L_unaided_15dBSL									
x.Comments= {									
	};								
x.BFs= [   									
	250	500	1000	2000	4000	6000	8000		
	];								
x.LongTone= [ 									
	19.16	24.11	33.75	44.34	40.66	47.54	56.55		
	];								
x.ShortTone= [ 									
	25.36	25.63	35.86	48.01	44.39	52.71	64.96		
	];								
x.IFMCFreq= [									
	250	500	1000	2000	4000	6000	8000		
	];								
x.MaskerRatio=[    									
	0.5	0.7	0.9	1	1.1	1.3	1.6		
	];								
x.IFMCs=[									
	NaN	43.22	66.54	68.36	68.77	76.03	NaN		
	NaN	39.15	46.55	64.61	68.16	70.06	NaN		
	NaN	37.83	49.25	60.14	58.95	62.71	NaN		
	NaN	40.03	47.10	59.91	56.28	66.31	NaN		
	NaN	39.01	48.69	63.85	59.63	68.13	NaN		
	NaN	45.16	51.67	57.94	58.61	75.89	NaN		
	NaN	55.42	68.83	82.06	71.20	90.28	NaN		
	];								
x.IFMCs= x.IFMCs';									
x.Gaps= [									
	0.01	0.02	0.03	0.04	0.05	0.06	0.07	0.08	0.09
	];								
x.TMCFreq= [									
	250	500	1000	2000	4000	6000	8000		
	];								
x.TMC= [									
	NaN	36.30	48.62	64.44	58.20	67.97	NaN		
	NaN	NaN	NaN	NaN	NaN	NaN	NaN		
	NaN	59.74	55.33	77.38	67.06	70.84	NaN		
	NaN	NaN	NaN	NaN	NaN	NaN	NaN		
	NaN 65.79	83.05	86.94	74.58	81.17	NaN		
	NaN	NaN	NaN	NaN	NaN	NaN	NaN		
	NaN	63.51	89.13	92.92	76.34	82.86	NaN		
	NaN	NaN	NaN	NaN	NaN	NaN	NaN		
	NaN	71.21	NaN	NaN	86.80	NaN	NaN		
	];								
x.TMC = x.TMC';									
