function x = profile_BHA_R									
x.Comments= {									
	};								
x.BFs= [   									
	250	500	1000	2000	4000	6000	8000		
	];								
x.LongTone= [ 									
	30.50	33.30	32.24	34.35	60.48	NaN	79.83		
	];								
x.ShortTone= [ 									
	39.19	41.42	35.27	47.20	65.02	NaN	82.95		
	];								
x.IFMCFreq= [									
	250	500	1000	2000	4000	6000	8000		
	];								
x.MaskerRatio=[    									
	0.5	0.7	0.9	1	1.1	1.3	1.6		
	];								
x.IFMCs=[									
	52.94	61.35	65.94	61.81	80.04	84.21	NaN		
	50.19	59.04	56.98	56.55	83.19	86.36	NaN		
	51.32	53.71	49.26	56.12	77.95	87.43	NaN		
	50.23	52.88	47.91	57.42	78.03	86.94	NaN		
	49.86	55.68	46.55	52.78	78.24	88.24	NaN		
	52.91	62.55	50.07	65.60	87.63	NaN	NaN		
	57.42	66.76	53.36	82.11	NaN	NaN	NaN		
	];								
x.IFMCs= x.IFMCs';									
x.Gaps= [									
	0.01	0.02	0.03	0.04	0.05	0.06	0.07	0.08	0.09
	];								
x.TMCFreq= [									
	250	500	1000	2000	4000	6000	8000		
	];								
x.TMC= [									
	NaN	NaN	NaN	NaN	NaN	NaN	NaN		
	NaN	NaN	NaN	NaN	NaN	NaN	NaN		
	NaN	NaN	NaN	NaN	NaN	NaN	NaN		
	NaN	NaN	NaN	NaN	NaN	NaN	NaN		
	NaN	NaN	NaN	NaN	NaN	NaN	NaN		
	NaN	NaN	NaN	NaN	NaN	NaN	NaN		
	NaN	NaN	NaN	NaN	NaN	NaN	NaN		
	NaN	NaN	NaN	NaN	NaN	NaN	NaN		
	NaN	NaN	NaN	NaN	NaN	NaN	NaN		
	];								
x.TMC = x.TMC';									
