function x = profile_BCR_R									
x.Comments= {									
	};								
x.BFs= [   									
	250	500	1000	2000	4000	6000	8000		
	];								
x.LongTone= [ 									
	10.53	6.93	21.36	30.16	56.49	55.79	77.00		
	];								
x.ShortTone= [ 									
	26.19	23.79	24.55	38.58	62.30	64.34	NaN		
	];								
x.IFMCFreq= [									
	250	500	1000	2000	4000	6000	8000		
	];								
x.MaskerRatio=[    									
	0.5	0.7	0.9	1	1.1	1.3	1.6		
	];								
x.IFMCs=[									
	NaN	41.38	40.50	44.14	66.92	NaN	NaN		
	NaN	34.92	27.38	38.93	63.07	NaN	NaN		
	NaN	31.17	32.05	43.87	66.58	NaN	NaN		
	NaN	31.41	32.67	46.04	71.00	NaN	NaN		
	NaN	39.61	18.04	49.21	71.86	NaN	NaN		
	NaN	36.07	30.40	56.52	70.17	NaN	NaN		
	NaN	NaN	45.50	59.14	63.16	NaN	NaN		
	];								
x.IFMCs= x.IFMCs';									
x.Gaps= [									
	0.01	0.02	0.03	0.04	0.05	0.06	0.07	0.08	0.09
	];								
x.TMCFreq= [									
	250	500	1000	2000	4000	6000	8000		
	];								
x.TMC= [									
	NaN	44.09	34.07	49.06	73.70	NaN	NaN		
	NaN	51.61	33.27	49.83	75.05	NaN	NaN		
	NaN	57.10	35.62	50.78	79.35	NaN	NaN		
	NaN	54.77	34.13	55.46	77.98	NaN	NaN		
	NaN	58.47	40.27	54.48	79.94	NaN	NaN		
	NaN	57.27	37.92	56.56	80.86	NaN	NaN		
	NaN	60.05	42.35	57.36	80.32	NaN	NaN		
	NaN	63.49	39.96	59.52	84.33	NaN	NaN		
	NaN	61.22	42.01	60.33	86.97	NaN	NaN		
	];								
x.TMC = x.TMC';									
