function x = profile_TJU_R									
x.Comments= {									
	};								
x.BFs= [   									
	250	500	1000	2000	4000	6000	8000		
	];								
x.LongTone= [ 									
	8.92	9.31	8.07	9.07	9.00	17.67	18.57		
	];								
x.ShortTone= [ 									
	17.59	15.45	16.90	16.41	13.33	24.92	22.31		
	];								
x.IFMCFreq= [									
	250	500	1000	2000	4000	6000	8000		
	];								
x.MaskerRatio=[    									
	0.5	0.7	0.9	1	1.1	1.3	1.6		
	];								
x.IFMCs=[									
	65.46	70.61	68.05	83.31	81.64	69.43	NaN		
	51.28	52.44	67.97	73.77	64.81	71.34	NaN		
	39.33	62.31	41.54	45.46	48.99	60.80	NaN		
	29.60	38.01	35.31	32.30	33.06	40.80	NaN		
	34.50	51.77	52.74	59.95	70.90	87.00	NaN		
	37.70	66.51	74.01	85.28	84.31	78.05	NaN		
	45.76	88.05	98.00	85.93	86.43	82.42	NaN		
	];								
x.IFMCs= x.IFMCs';									
x.Gaps= [									
	0.01	0.02	0.03	0.04	0.05	0.06	0.07	0.08	0.09
	];								
x.TMCFreq= [									
	250	500	1000	2000	4000	6000	8000		
	];								
x.TMC= [									
	NaN	NaN	NaN	NaN	NaN	NaN	NaN		
	45.62	42.61	48.50	51.61	34.37	38.91	NaN		
	NaN	NaN	NaN	NaN	NaN	NaN	NaN		
	59.17	62.98	69.79	65.23	75.91	77.82	NaN		
	72.72	66.34	83.71	71.17	76.45	66.39	NaN		
	66.83	79.60	86.07	68.52	78.33	56.65	NaN		
	NaN	NaN	NaN	NaN	NaN	NaN	NaN		
	77.37	88.32	98.00	77.05	86.57	86.18	NaN		
	NaN	NaN	NaN	NaN	NaN	NaN	NaN		
	];								
x.TMC = x.TMC';									
