function x = profile_LAD_R									
x.Comments= {									
	};								
x.BFs= [   									
	250	500	1000	2000	4000	6000	8000		
	];								
x.LongTone= [ 									
	36.09	35.34	53.42	64.11	75.92	NaN	NaN		
	];								
x.ShortTone= [ 									
	47.67	46.19	61.75	69.81	82.37	NaN	NaN		
	];								
x.IFMCFreq= [									
	250	500	1000	2000	4000	6000	8000		
	];								
x.MaskerRatio=[    									
	0.5	0.7	0.9	1	1.1	1.3	1.6		
	];								
x.IFMCs=[									
	50.45	54.82	70.94	85.08	NaN	NaN	NaN		
	47.19	50.39	65.18	77.62	NaN	NaN	NaN		
	43.63	52.58	70.14	76.08	NaN	NaN	NaN		
	44.98	54.59	70.50	74.58	NaN	NaN	NaN		
	44.87	56.71	72.79	76.19	NaN	NaN	NaN		
	47.91	60.33	74.13	84.37	NaN	NaN	NaN		
	52.80	69.63	79.22	85.32	NaN	NaN	NaN		
	];								
x.IFMCs= x.IFMCs';									
x.Gaps= [									
	0.01	0.02	0.03	0.04	0.05	0.06	0.07	0.08	0.09
	];								
x.TMCFreq= [									
	250	500	1000	2000	4000	6000	8000		
	];								
x.TMC= [									
	NaN	55.51	72.48	79.51	NaN	NaN	NaN		
	NaN	57.48	72.34	81.12	NaN	NaN	NaN		
	NaN	59.98	73.29	82.23	NaN	NaN	NaN		
	NaN	61.95	74.11	85.54	NaN	NaN	NaN		
	NaN	59.77	77.35	86.09	NaN	NaN	NaN		
	NaN	67.73	74.73	91.17	NaN	NaN	NaN		
	NaN	63.96	76.28	89.56	NaN	NaN	NaN		
	NaN	66.76	78.89	92.88	NaN	NaN	NaN		
	NaN	66.09	78.46	90.42	NaN	NaN	NaN		
	];								
x.TMC = x.TMC';									
