function x = profile_LKE_R									
x.Comments= {									
	};								
x.BFs= [   									
	250	500	1000	2000	4000	6000	8000		
	];								
x.LongTone= [ 									
	48.10	48.69	52.39	56.24	35.86	54.28	75.38		
	];								
x.ShortTone= [ 									
	64.42	62.71	61.35	59.86	43.22	60.30	75.50		
	];								
x.IFMCFreq= [									
	250	500	1000	2000	4000	6000	8000		
	];								
x.MaskerRatio=[    									
	0.5	0.7	0.9	1	1.1	1.3	1.6		
	];								
x.IFMCs=[									
	70.99	83.46	74.02	88.03	89.87	75.38	NaN		
	67.78	82.96	84.64	78.94	71.76	70.28	NaN		
	69.95	74.24	68.87	73.96	41.86	63.94	NaN		
	66.49	78.54	65.90	67.66	50.75	65.67	NaN		
	67.48	74.51	59.50	77.51	58.68	70.60	NaN		
	72.62	80.27	79.24	84.06	78.86	80.38	NaN		
	83.42	NaN	85.57	87.65	NaN	86.25	NaN		
	];								
x.IFMCs= x.IFMCs';									
x.Gaps= [									
	0.01	0.02	0.03	0.04	0.05	0.06	0.07	0.08	0.09
	];								
x.TMCFreq= [									
	250	500	1000	2000	4000	6000	8000		
	];								
x.TMC= [									
	72.30	69.39	77.24	68.44	51.16	70.03	NaN		
	76.47	73.45	78.05	74.37	51.91	70.89	NaN		
	76.42	73.18	81.08	76.47	58.56	71.13	NaN		
	75.69	74.71	85.30	81.18	67.18	74.96	NaN		
	79.42	76.68	89.65	89.10	71.52	76.89	NaN		
	86.16	80.32	92.94	87.30	81.11	81.03	NaN		
	85.39	81.57	93.34	95.79	84.36	90.29	NaN		
	84.72	84.17	NaN	91.26	86.88	90.28	NaN		
	88.95	78.40	95.36	NaN	90.65	NaN	NaN		
	];								
x.TMC = x.TMC';									
