function x = profile_KFR_R_aided									
x.Comments= {									
	};								
x.BFs= [   									
	250	500	1000	2000	4000	6000	8000		
	];								
x.LongTone= [ 									
	26.84	18.89	18.73	-3.96	3.96	NaN	14.85		
	];								
x.ShortTone= [ 									
	31.79	24.47	26.79	3.30	7.61	NaN	19.96		
	];								
x.IFMCFreq= [									
	250	500	1000	2000	4000	6000	8000		
	];								
x.MaskerRatio=[    									
	0.5	0.7	0.9	1	1.1	1.3	1.6		
	];								
x.IFMCs=[									
	NaN	NaN	36.19	29.17	4.95	6.94	NaN		
	NaN	NaN	36.26	19.19	2.45	17.42	NaN		
	NaN	NaN	34.30	12.26	10.96	13.65	NaN		
	NaN	NaN	30.75	10.43	6.86	20.58	NaN		
	NaN	NaN	31.83	6.69	12.30	20.19	NaN		
	NaN	NaN	30.67	12.09	6.51	25.12	NaN		
	NaN	NaN	25.85	12.18	19.46	62.06	NaN		
	];								
x.IFMCs= x.IFMCs';									
x.Gaps= [									
	0.01	0.02	0.03	0.04	0.05	0.06	0.07	0.08	0.09
	];								
x.TMCFreq= [									
	250	500	1000	2000	4000	6000	8000		
	];								
x.TMC= [									
	NaN	NaN	45.00	NaN	12.31	NaN	NaN		
	NaN	NaN	45.00	NaN	16.26	NaN	NaN		
	NaN	NaN	45.00	NaN	12.52	NaN	NaN		
	NaN	NaN	NaN	NaN	17.33	NaN	NaN		
	NaN	NaN	NaN	NaN	16.47	NaN	NaN		
	NaN	NaN	NaN	NaN	20.15	NaN	NaN		
	NaN	NaN	NaN	NaN	NaN	NaN	NaN		
	NaN	NaN	NaN	NaN	18.03	NaN	NaN		
	NaN	NaN	NaN	NaN	NaN	NaN	NaN		
	];								
x.TMC = x.TMC';									
