function x = profile_MPA_R									
x.Comments= {									
	};								
x.BFs= [   									
	250	500	1000	2000	4000	6000	8000		
	];								
x.LongTone= [ 									
	16.94	13.16	2.02	0.69	8.01	NaN	10.13		
	];								
x.ShortTone= [ 									
	28.96	25.96	13.75	12.61	13.94	NaN	17.37		
	];								
x.IFMCFreq= [									
	250	500	1000	2000	4000	6000	8000		
	];								
x.MaskerRatio=[    									
	0.5	0.7	0.9	1	1.1	1.3	1.6		
	];								
x.IFMCs=[									
	52.14	51.82	53.78	60.16	71.82	NaN	NaN		
	48.79	43.01	48.68	44.85	52.23	NaN	NaN		
	45.17	35.99	30.15	24.80	33.17	NaN	NaN		
	46.23	33.08	19.03	23.33	22.98	NaN	NaN		
	47.00	30.96	28.69	26.82	28.46	NaN	NaN		
	47.00	37.25	48.99	47.27	73.44	NaN	NaN		
	53.70	49.42	62.45	58.76	78.47	NaN	NaN		
	];								
x.IFMCs= x.IFMCs';									
x.Gaps= [									
	0.01	0.02	0.03	0.04	0.05	0.06	0.07	0.08	0.09
	];								
x.TMCFreq= [									
	250	500	1000	2000	4000	6000	8000		
	];								
x.TMC= [									
	NaN	NaN	NaN	NaN	NaN	NaN	NaN		
	NaN	NaN	NaN	NaN	NaN	NaN	NaN		
	NaN	NaN	NaN	NaN	NaN	NaN	NaN		
	NaN	NaN	NaN	NaN	NaN	NaN	NaN		
	NaN	NaN	NaN	NaN	NaN	NaN	NaN		
	NaN	NaN	NaN	NaN	NaN	NaN	NaN		
	NaN	NaN	NaN	NaN	NaN	NaN	NaN		
	NaN	NaN	NaN	NaN	NaN	NaN	NaN		
	NaN	NaN	NaN	NaN	NaN	NaN	NaN		
	];								
x.TMC = x.TMC';									
