function x = profile_SMC_L									
x.Comments= {									
	};								
	];								
x.LongTone= [ 									
	NaN	NaN	NaN	NaN	NaN	NaN	NaN		
	];								
x.ShortTone= [ 									
	NaN	NaN	NaN	NaN	NaN	NaN	NaN		
	];								
x.IFMCFreq= [									
	250	500	1000	2000	4000	6000	8000		
	];								
x.MaskerRatio=[    									
	0.5	0.7	0.9	1	1.1	1.3	1.6		
	];								
x.IFMCs=[									
	46.53	58.29	68.74	81.14	77.24	75.24	NaN		
	42.99	46.03	54.84	68.96	60.03	46.47	NaN		
	36.53	36.55	34.97	36.11	34.52	40.76	NaN		
	33.90	33.56	24.46	27.73	18.60	26.93	NaN		
	33.56	33.02	28.48	36.16	36.17	51.20	NaN		
	38.04	65.67	48.00	90.00	63.75	50.54	NaN		
	41.44	79.00	85.31	NaN	57.04	61.71	NaN		
	];								
x.IFMCs= x.IFMCs';									
x.Gaps= [									
	0.01	0.02	0.03	0.04	0.05	0.06	0.07	0.08	0.09
	];								
x.TMCFreq= [									
	250	500	1000	2000	4000	6000	8000		
	];								
x.TMC= [									
	NaN	NaN	NaN	NaN	NaN	NaN	NaN		
	38.64	45.52	33.46	33.81	43.92	37.06	NaN		
	NaN	NaN	NaN	NaN	NaN	NaN	NaN		
	53.21	47.92	60.81	44.27	72.13	49.14	NaN		
	75.60	62.69	74.83	61.07	78.29	50.57	NaN		
	59.68	70.49	83.20	70.24	83.42	43.21	NaN		
	NaN	NaN	NaN	NaN	NaN	NaN	NaN		
	NaN	83.28	NaN	48.65	NaN	77.46	NaN		
	NaN	NaN	NaN	NaN	NaN	NaN	NaN		
	];								
x.TMC = x.TMC';									
