function x = profile_SFO_R									
x.Comments= {									
	};								
x.BFs= [   									
	250	500	1000	2000	4000	6000	8000		
	];								
x.LongTone= [ 									
	17.10	14.70	10.81	48.21	48.84	51.23	70.90		
	];								
x.ShortTone= [ 									
	24.33	24.50	25.76	53.58	51.07	61.33	74.78		
	];								
x.IFMCFreq= [									
	250	500	1000	2000	4000	6000	8000		
	];								
x.MaskerRatio=[    									
	0.5	0.7	0.9	1	1.1	1.3	1.6		
	];								
x.IFMCs=[									
	45.40	49.20	66.27	66.17	68.00	70.77	NaN		
	36.17	45.63	56.80	65.00	60.95	73.63	NaN		
	30.87	38.45	38.63	67.07	54.29	68.50	NaN		
	28.63	33.53	36.47	60.10	56.21	63.20	NaN		
	28.07	39.60	44.00	59.90	60.26	55.93	NaN		
	32.63	40.80	49.83	61.23	66.13	71.97	NaN		
	39.50	51.87	83.03	60.47	59.94	63.53	NaN		
	];								
x.IFMCs= x.IFMCs';									
x.Gaps= [									
	0.01	0.02	0.03	0.04	0.05	0.06	0.07	0.08	0.09
	];								
x.TMCFreq= [									
	250	500	1000	2000	4000	6000	8000		
	];								
x.TMC= [									
	NaN	30.54	36.52	57.99	60.28	68.09	NaN		
	NaN	33.91	35.01	60.80	61.72	70.60	NaN		
	NaN	35.71	40.95	65.91	62.39	74.08	NaN		
	NaN	39.54	53.27	65.86	63.90	78.66	NaN		
	NaN	46.56	60.53	67.92	67.22	80.79	NaN		
	NaN	49.35	69.25	73.25	70.42	82.69	NaN		
	NaN	48.28	72.35	76.59	72.22	84.42	NaN		
	NaN	49.89	87.38	83.60	76.51	89.92	NaN		
	NaN	53.13	69.60	78.24	82.10	90.23	NaN		
	];								
x.TMC = x.TMC';									
