function x = profile_KBE_L									
x.Comments= {									
	};								
x.BFs= [   									
	250	500	1000	2000	4000	6000	8000		
	];								
x.LongTone= [ 									
	30.56	18.25	21.55	43.05	66.47	73.79	77.30		
	];								
x.ShortTone= [ 									
	38.09	26.58	25.87	46.45	70.94	79.10	79.08		
	];								
x.IFMCFreq= [									
	250	500	1000	2000	4000	6000	8000		
	];								
x.MaskerRatio=[    									
	0.5	0.7	0.9	1	1.1	1.3	1.6		
	];								
x.IFMCs=[									
	NaN	NaN	52.74	69.03	91.25	81.14	NaN		
	NaN	NaN	46.77	77.01	83.07	82.59	NaN		
	NaN	NaN	39.74	62.67	81.17	86.16	NaN		
	NaN	NaN	35.42	60.91	83.46	84.97	NaN		
	NaN	NaN	38.44	63.94	86.93	78.38	NaN		
	NaN	NaN	49.81	80.64	90.39	NaN	NaN		
	NaN	NaN	76.38	86.69	NaN	83.36	NaN		
	];								
x.IFMCs= x.IFMCs';									
x.Gaps= [									
	0.01	0.02	0.03	0.04	0.05	0.06	0.07	0.08	0.09
	];								
x.TMCFreq= [									
	250	500	1000	2000	4000	6000	8000		
	];								
x.TMC= [									
	NaN	NaN	NaN	NaN	NaN	NaN	NaN		
	NaN	NaN	40.46	60.70	85.16	NaN	NaN		
	NaN	NaN	NaN	NaN	NaN	NaN	NaN		
	NaN	NaN	58.08	70.00	90.85	NaN	NaN		
	NaN	NaN	62.31	77.33	NaN	NaN	NaN		
	NaN	NaN	63.18	81.58	NaN	NaN	NaN		
	NaN	NaN	NaN	NaN	NaN	NaN	NaN		
	NaN	NaN	66.32	94.05	NaN	NaN	NaN		
	NaN	NaN	NaN	NaN	NaN	NaN	NaN		
	];								
x.TMC = x.TMC';									
