function x = profile_DJE_L									
x.Comments= {									
	};								
x.BFs= [   									
	250	500	1000	2000	4000	6000	8000		
	];								
x.LongTone= [ 									
	41.78	31.88	22.70	22.16	52.93	62.07	77.89		
	];								
x.ShortTone= [ 									
	50.25	41.02	27.59	28.69	54.47	62.63	79.74		
	];								
x.IFMCFreq= [									
	250	500	1000	2000	4000	6000	8000		
	];								
x.MaskerRatio=[    									
	0.5	0.7	0.9	1	1.1	1.3	1.6		
	];								
x.IFMCs=[									
	68.95	69.81	69.34	56.23	76.76	85.01	86.12		
	61.45	58.15	61.15	55.17	68.62	76.96	81.55		
	57.98	50.19	44.39	40.50	62.04	71.05	82.38		
	59.45	48.84	38.80	30.47	58.37	74.97	88.31		
	57.38	49.42	42.57	41.84	61.22	77.68	96.07		
	63.07	72.24	55.24	49.28	54.49	83.54	NaN		
	73.48	85.21	60.98	59.92	76.01	NaN	NaN		
	];								
x.IFMCs= x.IFMCs';									
x.Gaps= [									
	0.01	0.02	0.03	0.04	0.05	0.06	0.07	0.08	0.09
	];								
x.TMCFreq= [									
	250	500	1000	2000	4000	6000	8000		
	];								
x.TMC= [									
	NaN	NaN	NaN	NaN	NaN	NaN	NaN		
	69.30	52.70	41.90	40.75	73.04	71.99	90.71		
	NaN	NaN	NaN	NaN	NaN	NaN	NaN		
	72.62	57.33	45.75	43.18	77.97	75.55	94.30		
	73.92	57.70	48.85	40.30	80.65	81.33	NaN		
	73.18	57.61	47.34	40.86	81.90	82.93	NaN		
	NaN	NaN	NaN	NaN	NaN	NaN	NaN		
	73.57	62.15	50.65	46.18	88.95	82.96	NaN		
	NaN	NaN	NaN	NaN	NaN	NaN	NaN		
	];								
x.TMC = x.TMC';									
