function x = profile_JSAN_R									
x.Comments= {									
	};								
x.BFs= [   									
	250	500	1000	2000	4000	6000	8000		
	];								
x.LongTone= [ 									
	67.46	56.96	65.02	61.47	NaN	NaN	NaN		
	];								
x.ShortTone= [ 									
	72.32	63.28	69.04	65.29	NaN	NaN	NaN		
	];								
x.IFMCFreq= [									
	250	500	1000	2000	4000	6000	8000		
	];								
x.MaskerRatio=[    									
	0.5	0.7	0.9	1	1.1	1.3	1.6		
	];								
x.IFMCs=[									
	NaN	NaN	NaN	NaN	NaN	NaN	NaN		
	83.17	77.32	79.85	82.91	NaN	NaN	NaN		
	80.97	73.67	80.94	80.70	NaN	NaN	NaN		
	82.01	71.23	78.73	74.33	NaN	NaN	NaN		
	79.33	70.33	78.58	79.73	NaN	NaN	NaN		
	79.23	76.32	83.69	86.21	NaN	NaN	NaN		
	NaN	NaN	NaN	NaN	NaN	NaN	NaN		
	];								
x.IFMCs= x.IFMCs';									
x.Gaps= [									
	0.01	0.02	0.03	0.04	0.05	0.06	0.07	0.08	0.09
	];								
x.TMCFreq= [									
	250	500	1000	2000	4000	6000	8000		
	];								
x.TMC= [									
	NaN	NaN	NaN	NaN	NaN	NaN	NaN		
	83.84	68.85	76.81	75.12	NaN	NaN	NaN		
	NaN	NaN	NaN	NaN	NaN	NaN	NaN		
	NaN	73.42	80.58	78.57	NaN	NaN	NaN		
	87.52	73.42	80.58	78.57	NaN	NaN	NaN		
	NaN	NaN	NaN	NaN	NaN	NaN	NaN		
	NaN	NaN	NaN	NaN	NaN	NaN	NaN		
	95.23	78.64	85.32	82.99	NaN	NaN	NaN		
	NaN	NaN	NaN	NaN	NaN	NaN	NaN		
	];								
x.TMC = x.TMC';									
