function x = profile_DPE_L									
x.Comments= {									
	};								
x.BFs= [   									
	250	500	1000	2000	4000	6000	8000		
	];								
x.LongTone= [ 									
	44.83	26.24	45.48	53.86	NaN	NaN	NaN		
	];								
x.ShortTone= [ 									
	58.71	35.00	48.05	62.16	NaN	NaN	NaN		
	];								
x.IFMCFreq= [									
	250	500	1000	2000	4000	6000	8000		
	];								
x.MaskerRatio=[    									
	0.5	0.7	0.9	1	1.1	1.3	1.6		
	];								
x.IFMCs=[									
	66.12	52.56	28.19	59.97	NaN	NaN	NaN		
	57.82	48.67	35.35	61.12	NaN	NaN	NaN		
	53.79	40.94	38.93	63.43	NaN	NaN	NaN		
	56.09	36.87	46.84	61.08	NaN	NaN	NaN		
	54.51	36.09	43.83	61.69	NaN	NaN	NaN		
	53.00	43.13	53.79	68.73	NaN	NaN	NaN		
	48.74	48.82	51.67	79.79	NaN	NaN	NaN		
	];								
x.IFMCs= x.IFMCs';									
x.Gaps= [									
	0.01	0.02	0.03	0.04	0.05	0.06	0.07	0.08	0.09
	];								
x.TMCFreq= [									
	250	500	1000	2000	4000	6000	8000		
	];								
x.TMC= [									
	NaN	43.07	53.72	NaN	NaN	NaN	NaN		
	NaN	49.03	53.72	NaN	NaN	NaN	NaN		
	NaN	56.68	53.72	NaN	NaN	NaN	NaN		
	NaN	45.39	53.72	NaN	NaN	NaN	NaN		
	NaN	55.75	53.72	NaN	NaN	NaN	NaN		
	NaN	56.80	53.72	NaN	NaN	NaN	NaN		
	NaN	59.02	53.72	NaN	NaN	NaN	NaN		
	NaN	57.63	53.72	NaN	NaN	NaN	NaN		
	NaN	61.35	53.72	NaN	NaN	NaN	NaN		
	];								
x.TMC = x.TMC';									
