function x = profile_PRO_L									
x.Comments= {									
	};								
x.BFs= [   									
	250	500	1000	2000	4000	6000	8000		
	];								
x.LongTone= [ 									
	77.55	70.84	75.67	71.90	68.14	NaN	98.61		
	];								
x.ShortTone= [ 									
	87.01	79.65	81.19	78.13	73.83	NaN	NaN		
	];								
x.IFMCFreq= [									
	250	500	1000	2000	4000	6000	8000		
	];								
x.MaskerRatio=[    									
	0.5	0.7	0.9	1	1.1	1.3	1.6		
	];								
x.IFMCs=[									
	NaN	92.84	NaN	86.71	87.11	NaN	NaN		
	NaN	93.29	92.96	93.33	82.48	NaN	NaN		
	NaN	90.57	89.16	90.55	77.90	NaN	NaN		
	NaN	87.55	89.80	84.30	78.80	NaN	NaN		
	NaN	89.52	90.68	NaN	81.24	NaN	NaN		
	NaN	91.12	93.19	87.36	82.83	NaN	NaN		
	NaN	91.65	93.56	85.61	NaN	NaN	NaN		
	];								
x.IFMCs= x.IFMCs';									
x.Gaps= [									
	0.01	0.02	0.03	0.04	0.05	0.06	0.07	0.08	0.09
	];								
x.TMCFreq= [									
	250	500	1000	2000	4000	6000	8000		
	];								
x.TMC= [									
	NaN	NaN	NaN	NaN	82.77	NaN	NaN		
	NaN	NaN	NaN	NaN	85.05	NaN	NaN		
	NaN	NaN	NaN	NaN	88.28	NaN	NaN		
	NaN	NaN	NaN	NaN	88.49	NaN	NaN		
	NaN	NaN	NaN	NaN	NaN	NaN	NaN		
	NaN	NaN	NaN	NaN	NaN	NaN	NaN		
	NaN	NaN	NaN	NaN	91.66	NaN	NaN		
	NaN	NaN	NaN	NaN	NaN	NaN	NaN		
	NaN	NaN	NaN	NaN	NaN	NaN	NaN		
	];								
x.TMC = x.TMC';									
