function x = testAverage
%created: 17_50hr29_Feb_2012

x.BFs = [250   500  1000  2000  4000  6000  8000];

x.LongTone = [13.8      8.43      5.37      5.06      3.63      12.6      19.4];
x.ShortTone = [24.5        19      15.5        14      12.3      18.7      26.6];

x.Gaps = [0.01      0.02      0.03      0.04      0.05      0.06      0.07      0.08      0.09];
x.TMCFreq = [250   500  1000  2000  4000  6000  8000];
x.TMC = [
42.7	34.1	32.2	30.9	24.5	34.7	NaN	 
42.1	38.4	33.2	32.5	29.5	33.4	43.8	 
59.5	46.2	46.6	42	39.8	41.4	NaN	 
57.3	49.7	47.1	43	45	45.7	53.7	 
64.2	54.4	51.2	48.4	49.5	51	60.9	 
67	61.8	55.7	52.6	57.9	55.6	64.1	 
88.3	73.2	74.4	64.3	71.6	78.7	NaN	 
69.8	69.9	62.6	62.2	63	66.9	70.9	 
99	84.9	81.7	72.9	79	84.8	NaN	 
];
x.TMC = x.TMC';

x.MaskerRatio = [0.5      0.7      0.9        1      1.1      1.3      1.6];
x.IFMCFreq = [250   500  1000  2000  4000  6000  8000];
x.IFMCs = [
50.9	50.2	56.2	60.7	60.3	59.4	66.7	 
42.8	41.4	44.1	52.7	46.2	48.3	62.7	 
36.1	33	30.7	32.5	29.3	35.4	42.3	 
34.8	29.4	25.1	23.7	20.7	25.7	34.8	 
34.3	29.1	32.7	37.1	36.2	42.7	48.2	 
36.2	39.4	44.3	50.3	43.9	49.7	53.2	 
44.5	57.6	64.4	54.5	55.4	54.4	56.4	 
];
x.IFMCs = x.IFMCs';
